0.500000000000000000	3.281250000000000000	3.436563656918090182	0.155313656918090182
0.333333333333333315	3.358367626886145096	3.436563656918090182	0.078196030031945085
0.250000000000000000	3.389711380004882812	3.436563656918090182	0.046852276913207369
0.200000000000000011	3.405416326400000582	3.436563656918090182	0.031147330518089600
0.166666666666666657	3.414377987345653231	3.436563656918090182	0.022185669572436950
0.142857142857142849	3.419966100178193802	3.436563656918090182	0.016597556739896380
0.125000000000000000	3.423682477103970001	3.436563656918090182	0.012881179814120181
0.111111111111111105	3.426277984487401174	3.436563656918090182	0.010285672430689008
0.100000000000000006	3.428161693216449812	3.436563656918090182	0.008401963701640369
0.050000000000000003	3.434382108709770787	3.436563656918090182	0.002181548208319395
0.033333333333333333	3.435581808357763833	3.436563656918090182	0.000981848560326348
0.025000000000000001	3.436007888741954286	3.436563656918090182	0.000555768176135896
0.020000000000000000	3.436206624142346566	3.436563656918090182	0.000357032775743615
0.016666666666666666	3.436315095025722410	3.436563656918090182	0.000248561892367771
0.014285714285714285	3.436380712799404158	3.436563656918090182	0.000182944118686024
0.012500000000000001	3.436423402198716115	3.436563656918090182	0.000140254719374067
0.011111111111111112	3.436452722652698633	3.436563656918090182	0.000110934265391549
0.010000000000000000	3.436473725119915112	3.436563656918090182	0.000089931798175069
0.005000000000000000	3.436541089392776360	3.436563656918090182	0.000022567525313821
0.003333333333333334	3.436553614352607422	3.436563656918090182	0.000010042565482760
0.002500000000000000	3.436558004441550018	3.436563656918090182	0.000005652476540163
0.002000000000000000	3.436560037975740833	3.436563656918090182	0.000003618942349348
0.001666666666666667	3.436561143135111962	3.436563656918090182	0.000002513782978220
0.001428571428571429	3.436561809727212147	3.436563656918090182	0.000001847190878035
0.001250000000000000	3.436562242473098383	3.436563656918090182	0.000001414444991799
0.001111111111111111	3.436562539215497480	3.436563656918090182	0.000001117702592701
0.001000000000000000	3.436562751503518864	3.436563656918090182	0.000000905414571317
0.000500000000000000	3.436563430479517400	3.436563656918090182	0.000000226438572781
0.000333333333333333	3.436563556266144293	3.436563656918090182	0.000000100651945889
0.000250000000000000	3.436563600297802168	3.436563656918090182	0.000000056620288014
0.000200000000000000	3.436563620679740083	3.436563656918090182	0.000000036238350098
0.000166666666666667	3.436563631751936576	3.436563656918090182	0.000000025166153605
0.000142857142857143	3.436563638428357770	3.436563656918090182	0.000000018489732412
0.000125000000000000	3.436563642761711002	3.436563656918090182	0.000000014156379180
0.000111111111111111	3.436563645732641170	3.436563656918090182	0.000000011185449011
0.000100000000000000	3.436563647857812764	3.436563656918090182	0.000000009060277417
0.000050000000000000	3.436563654652868838	3.436563656918090182	0.000000002265221344
0.000033333333333333	3.436563655911311965	3.436563656918090182	0.000000001006778216
0.000025000000000000	3.436563656352061180	3.436563656918090182	0.000000000566029001
0.000020000000000000	3.436563656555989166	3.436563656918090182	0.000000000362101016
0.000016666666666667	3.436563656666291156	3.436563656918090182	0.000000000251799026
0.000014285714285714	3.436563656733066630	3.436563656918090182	0.000000000185023552
0.000012500000000000	3.436563656776606468	3.436563656918090182	0.000000000141483714
0.000011111111111111	3.436563656805978528	3.436563656918090182	0.000000000112111653
0.000010000000000000	3.436563656827124280	3.436563656918090182	0.000000000090965901
