0                  -1.490116e-09                   0.000000e+00
10                  -2.384186e-08                  -2.775558e-17
20                   9.536743e-08                   2.775558e-17
30                   9.536743e-08                   8.326673e-17
40                   9.536743e-08                  -3.053113e-16
50                   9.536743e-08                  -2.498002e-16
60                   9.536743e-08                  -1.942890e-16
70                   9.536743e-08                  -1.387779e-16
80                  -3.814697e-07                   8.049117e-16
90                  -3.814697e-07                   8.604228e-16
100                  -3.814697e-07                  -8.604228e-16
110                  -3.814697e-07                  -8.049117e-16
120                  -3.814697e-07                  -7.494005e-16
130                  -3.814697e-07                  -6.938894e-16
140                  -3.814697e-07                  -6.383782e-16
150                  -3.814697e-07                  -5.828671e-16
160                  -3.814697e-07                  -5.273559e-16
170                  -3.814697e-07                  -4.718448e-16
180                  -3.814697e-07                  -4.163336e-16
190                  -3.814697e-07                  -3.608225e-16
200                  -3.814697e-07                  -3.053113e-16
210                  -3.814697e-07                  -2.498002e-16
220                  -3.814697e-07                  -1.942890e-16
230                  -3.814697e-07                  -1.387779e-16
240                  -3.814697e-07                  -8.326673e-17
250                  -3.814697e-07                  -2.775558e-17
260                  -3.814697e-07                   2.775558e-17
270                  -3.814697e-07                   8.326673e-17
280                  -3.814697e-07                   1.387779e-16
290                  -3.814697e-07                   1.942890e-16
300                  -3.814697e-07                   2.498002e-16
310                  -3.814697e-07                   3.053113e-16
320                   1.525879e-06                   3.608225e-16
330                   1.525879e-06                   4.163336e-16
340                   1.525879e-06                   4.718448e-16
350                   1.525879e-06                   5.273559e-16
360                   1.525879e-06                   5.828671e-16
370                   1.525879e-06                   6.383782e-16
380                   1.525879e-06                   6.938894e-16
390                   1.525879e-06                   7.494005e-16
400                   1.525879e-06                   8.049117e-16
410                   1.525879e-06                   8.604228e-16
420                   1.525879e-06                   9.159340e-16
430                   1.525879e-06                   9.714451e-16
440                   1.525879e-06                   1.026956e-15
450                   1.525879e-06                   1.082467e-15
460                   1.525879e-06                   1.137979e-15
470                   1.525879e-06                   1.193490e-15
480                   1.525879e-06                   1.249001e-15
490                   1.525879e-06                   1.304512e-15
500                   1.525879e-06                   1.360023e-15
510                   1.525879e-06                   1.415534e-15
520                   1.525879e-06                   1.471046e-15
530                   1.525879e-06                   1.526557e-15
540                   1.525879e-06                   1.582068e-15
550                   1.525879e-06                   1.637579e-15
560                   1.525879e-06                   1.693090e-15
570                   1.525879e-06                   1.748601e-15
580                   1.525879e-06                   1.804112e-15
590                   1.525879e-06                   1.859624e-15
600                   1.525879e-06                   1.915135e-15
610                   1.525879e-06                   1.970646e-15
620                   1.525879e-06                   2.026157e-15
630                   1.525879e-06                   2.081668e-15
640                   1.525879e-06                  -4.968248e-15
650                   1.525879e-06                  -4.912737e-15
660                   1.525879e-06                  -4.857226e-15
670                   1.525879e-06                  -4.801715e-15
680                   1.525879e-06                  -4.746203e-15
690                   1.525879e-06                  -4.690692e-15
700                   1.525879e-06                  -4.635181e-15
710                   1.525879e-06                  -4.579670e-15
720                   1.525879e-06                  -4.524159e-15
730                   1.525879e-06                  -4.468648e-15
740                   1.525879e-06                  -4.413137e-15
750                   1.525879e-06                  -4.357625e-15
760                   1.525879e-06                  -4.302114e-15
770                   1.525879e-06                  -4.246603e-15
780                   1.525879e-06                  -4.191092e-15
790                   1.525879e-06                  -4.135581e-15
800                   1.525879e-06                  -4.080070e-15
810                   1.525879e-06                  -4.024558e-15
820                   1.525879e-06                  -3.969047e-15
830                   1.525879e-06                  -3.913536e-15
840                   1.525879e-06                  -3.858025e-15
850                   1.525879e-06                  -3.802514e-15
860                   1.525879e-06                  -3.747003e-15
870                   1.525879e-06                  -3.691492e-15
880                   1.525879e-06                  -3.635980e-15
890                   1.525879e-06                  -3.580469e-15
900                   1.525879e-06                  -3.524958e-15
910                   1.525879e-06                  -3.469447e-15
920                   1.525879e-06                  -3.413936e-15
930                   1.525879e-06                  -3.358425e-15
940                   1.525879e-06                  -3.302913e-15
950                   1.525879e-06                  -3.247402e-15
960                   1.525879e-06                  -3.191891e-15
970                   1.525879e-06                  -3.136380e-15
980                   1.525879e-06                  -3.080869e-15
990                   1.525879e-06                  -3.025358e-15
1000                   1.525879e-06                  -2.969847e-15
1010                   1.525879e-06                  -2.914335e-15
1020                   1.525879e-06                  -2.858824e-15
1030                   1.525879e-06                  -2.803313e-15
1040                   1.525879e-06                  -2.747802e-15
1050                   1.525879e-06                  -2.692291e-15
1060                   1.525879e-06                  -2.636780e-15
1070                   1.525879e-06                  -2.581269e-15
1080                   1.525879e-06                  -2.525757e-15
1090                   1.525879e-06                  -2.470246e-15
1100                   1.525879e-06                  -2.414735e-15
1110                   1.525879e-06                  -2.359224e-15
1120                   1.525879e-06                  -2.303713e-15
1130                   1.525879e-06                  -2.248202e-15
1140                   1.525879e-06                  -2.192690e-15
1150                   1.525879e-06                  -2.137179e-15
1160                   1.525879e-06                  -2.081668e-15
1170                   1.525879e-06                  -2.026157e-15
1180                   1.525879e-06                  -1.970646e-15
1190                   1.525879e-06                  -1.915135e-15
1200                   1.525879e-06                  -1.859624e-15
1210                   1.525879e-06                  -1.804112e-15
1220                   1.525879e-06                  -1.748601e-15
1230                   1.525879e-06                  -1.693090e-15
1240                   1.525879e-06                  -1.637579e-15
1250                   1.525879e-06                  -1.582068e-15
1260                   1.525879e-06                  -1.526557e-15
1270                   1.525879e-06                  -1.471046e-15
1280                  -6.103516e-06                   1.279532e-14
1290                  -6.103516e-06                   1.285083e-14
1300                  -6.103516e-06                   1.290634e-14
1310                  -6.103516e-06                   1.296185e-14
1320                  -6.103516e-06                   1.301736e-14
1330                  -6.103516e-06                   1.307288e-14
1340                  -6.103516e-06                   1.312839e-14
1350                  -6.103516e-06                   1.318390e-14
1360                  -6.103516e-06                   1.323941e-14
1370                  -6.103516e-06                   1.329492e-14
1380                  -6.103516e-06                   1.335043e-14
1390                  -6.103516e-06                   1.340594e-14
1400                  -6.103516e-06                   1.346145e-14
1410                  -6.103516e-06                   1.351697e-14
1420                  -6.103516e-06                   1.357248e-14
1430                  -6.103516e-06                   1.362799e-14
1440                  -6.103516e-06                   1.368350e-14
1450                  -6.103516e-06                   1.373901e-14
1460                  -6.103516e-06                   1.379452e-14
1470                  -6.103516e-06                   1.385003e-14
1480                  -6.103516e-06                   1.390554e-14
1490                  -6.103516e-06                   1.396105e-14
1500                  -6.103516e-06                   1.401657e-14
1510                  -6.103516e-06                   1.407208e-14
1520                  -6.103516e-06                   1.412759e-14
1530                  -6.103516e-06                   1.418310e-14
1540                  -6.103516e-06                  -1.418310e-14
1550                  -6.103516e-06                  -1.412759e-14
1560                  -6.103516e-06                  -1.407208e-14
1570                  -6.103516e-06                  -1.401657e-14
1580                  -6.103516e-06                  -1.396105e-14
1590                  -6.103516e-06                  -1.390554e-14
1600                  -6.103516e-06                  -1.385003e-14
1610                  -6.103516e-06                  -1.379452e-14
1620                  -6.103516e-06                  -1.373901e-14
1630                  -6.103516e-06                  -1.368350e-14
1640                  -6.103516e-06                  -1.362799e-14
1650                  -6.103516e-06                  -1.357248e-14
1660                  -6.103516e-06                  -1.351697e-14
1670                  -6.103516e-06                  -1.346145e-14
1680                  -6.103516e-06                  -1.340594e-14
1690                  -6.103516e-06                  -1.335043e-14
1700                  -6.103516e-06                  -1.329492e-14
1710                  -6.103516e-06                  -1.323941e-14
1720                  -6.103516e-06                  -1.318390e-14
1730                  -6.103516e-06                  -1.312839e-14
1740                  -6.103516e-06                  -1.307288e-14
1750                  -6.103516e-06                  -1.301736e-14
1760                  -6.103516e-06                  -1.296185e-14
1770                  -6.103516e-06                  -1.290634e-14
1780                  -6.103516e-06                  -1.285083e-14
1790                  -6.103516e-06                  -1.279532e-14
1800                  -6.103516e-06                  -1.273981e-14
1810                  -6.103516e-06                  -1.268430e-14
1820                  -6.103516e-06                  -1.262879e-14
1830                  -6.103516e-06                  -1.257328e-14
1840                  -6.103516e-06                  -1.251776e-14
1850                  -6.103516e-06                  -1.246225e-14
1860                  -6.103516e-06                  -1.240674e-14
1870                  -6.103516e-06                  -1.235123e-14
1880                  -6.103516e-06                  -1.229572e-14
1890                  -6.103516e-06                  -1.224021e-14
1900                  -6.103516e-06                  -1.218470e-14
1910                  -6.103516e-06                  -1.212919e-14
1920                  -6.103516e-06                  -1.207368e-14
1930                  -6.103516e-06                  -1.201816e-14
1940                  -6.103516e-06                  -1.196265e-14
1950                  -6.103516e-06                  -1.190714e-14
1960                  -6.103516e-06                  -1.185163e-14
1970                  -6.103516e-06                  -1.179612e-14
1980                  -6.103516e-06                  -1.174061e-14
1990                  -6.103516e-06                  -1.168510e-14
2000                  -6.103516e-06                  -1.162959e-14
2010                  -6.103516e-06                  -1.157408e-14
2020                  -6.103516e-06                  -1.151856e-14
2030                  -6.103516e-06                  -1.146305e-14
2040                  -6.103516e-06                  -1.140754e-14
2050                  -6.103516e-06                  -1.135203e-14
2060                  -6.103516e-06                  -1.129652e-14
2070                  -6.103516e-06                  -1.124101e-14
2080                  -6.103516e-06                  -1.118550e-14
2090                  -6.103516e-06                  -1.112999e-14
2100                  -6.103516e-06                  -1.107447e-14
2110                  -6.103516e-06                  -1.101896e-14
2120                  -6.103516e-06                  -1.096345e-14
2130                  -6.103516e-06                  -1.090794e-14
2140                  -6.103516e-06                  -1.085243e-14
2150                  -6.103516e-06                  -1.079692e-14
2160                  -6.103516e-06                  -1.074141e-14
2170                  -6.103516e-06                  -1.068590e-14
2180                  -6.103516e-06                  -1.063039e-14
2190                  -6.103516e-06                  -1.057487e-14
2200                  -6.103516e-06                  -1.051936e-14
2210                  -6.103516e-06                  -1.046385e-14
2220                  -6.103516e-06                  -1.040834e-14
2230                  -6.103516e-06                  -1.035283e-14
2240                  -6.103516e-06                  -1.029732e-14
2250                  -6.103516e-06                  -1.024181e-14
2260                  -6.103516e-06                  -1.018630e-14
2270                  -6.103516e-06                  -1.013079e-14
2280                  -6.103516e-06                  -1.007527e-14
2290                  -6.103516e-06                  -1.001976e-14
2300                  -6.103516e-06                  -9.964252e-15
2310                  -6.103516e-06                  -9.908740e-15
2320                  -6.103516e-06                  -9.853229e-15
2330                  -6.103516e-06                  -9.797718e-15
2340                  -6.103516e-06                  -9.742207e-15
2350                  -6.103516e-06                  -9.686696e-15
2360                  -6.103516e-06                  -9.631185e-15
2370                  -6.103516e-06                  -9.575674e-15
2380                  -6.103516e-06                  -9.520162e-15
2390                  -6.103516e-06                  -9.464651e-15
2400                  -6.103516e-06                  -9.409140e-15
2410                  -6.103516e-06                  -9.353629e-15
2420                  -6.103516e-06                  -9.298118e-15
2430                  -6.103516e-06                  -9.242607e-15
2440                  -6.103516e-06                  -9.187096e-15
2450                  -6.103516e-06                  -9.131584e-15
2460                  -6.103516e-06                  -9.076073e-15
2470                  -6.103516e-06                  -9.020562e-15
2480                  -6.103516e-06                  -8.965051e-15
2490                  -6.103516e-06                  -8.909540e-15
2500                  -6.103516e-06                  -8.854029e-15
2510                  -6.103516e-06                  -8.798517e-15
2520                  -6.103516e-06                  -8.743006e-15
2530                  -6.103516e-06                  -8.687495e-15
2540                  -6.103516e-06                  -8.631984e-15
2550                  -6.103516e-06                  -8.576473e-15
2560                  -6.103516e-06                  -8.520962e-15
2570                  -6.103516e-06                  -8.465451e-15
2580                  -6.103516e-06                  -8.409939e-15
2590                  -6.103516e-06                  -8.354428e-15
2600                  -6.103516e-06                  -8.298917e-15
2610                  -6.103516e-06                  -8.243406e-15
2620                  -6.103516e-06                  -8.187895e-15
2630                  -6.103516e-06                  -8.132384e-15
2640                  -6.103516e-06                  -8.076873e-15
2650                  -6.103516e-06                  -8.021361e-15
2660                  -6.103516e-06                  -7.965850e-15
2670                  -6.103516e-06                  -7.910339e-15
2680                  -6.103516e-06                  -7.854828e-15
2690                  -6.103516e-06                  -7.799317e-15
2700                  -6.103516e-06                  -7.743806e-15
2710                  -6.103516e-06                  -7.688294e-15
2720                  -6.103516e-06                  -7.632783e-15
2730                  -6.103516e-06                  -7.577272e-15
2740                  -6.103516e-06                  -7.521761e-15
2750                  -6.103516e-06                  -7.466250e-15
2760                  -6.103516e-06                  -7.410739e-15
2770                  -6.103516e-06                  -7.355228e-15
2780                  -6.103516e-06                  -7.299716e-15
2790                  -6.103516e-06                  -7.244205e-15
2800                  -6.103516e-06                  -7.188694e-15
2810                  -6.103516e-06                  -7.133183e-15
2820                  -6.103516e-06                  -7.077672e-15
2830                  -6.103516e-06                  -7.022161e-15
2840                  -6.103516e-06                  -6.966649e-15
2850                  -6.103516e-06                  -6.911138e-15
2860                  -6.103516e-06                  -6.855627e-15
2870                  -6.103516e-06                  -6.800116e-15
2880                  -6.103516e-06                  -6.744605e-15
2890                  -6.103516e-06                  -6.689094e-15
2900                  -6.103516e-06                  -6.633583e-15
2910                  -6.103516e-06                  -6.578071e-15
2920                  -6.103516e-06                  -6.522560e-15
2930                  -6.103516e-06                  -6.467049e-15
2940                  -6.103516e-06                  -6.411538e-15
2950                  -6.103516e-06                  -6.356027e-15
2960                  -6.103516e-06                  -6.300516e-15
2970                  -6.103516e-06                  -6.245005e-15
2980                  -6.103516e-06                  -6.189493e-15
2990                  -6.103516e-06                  -6.133982e-15
3000                  -6.103516e-06                  -6.078471e-15
3010                  -6.103516e-06                  -6.022960e-15
3020                  -6.103516e-06                  -5.967449e-15
3030                  -6.103516e-06                  -5.911938e-15
3040                  -6.103516e-06                  -5.856426e-15
3050                  -6.103516e-06                  -5.800915e-15
3060                  -6.103516e-06                  -5.745404e-15
3070                  -6.103516e-06                  -5.689893e-15
3080                  -6.103516e-06                  -5.634382e-15
3090                  -6.103516e-06                  -5.578871e-15
3100                  -6.103516e-06                  -5.523360e-15
3110                  -6.103516e-06                  -5.467848e-15
3120                  -6.103516e-06                  -5.412337e-15
3130                  -6.103516e-06                  -5.356826e-15
3140                  -6.103516e-06                  -5.301315e-15
3150                  -6.103516e-06                  -5.245804e-15
3160                  -6.103516e-06                  -5.190293e-15
3170                  -6.103516e-06                  -5.134781e-15
3180                  -6.103516e-06                  -5.079270e-15
3190                  -6.103516e-06                  -5.023759e-15
3200                  -6.103516e-06                  -4.968248e-15
3210                  -6.103516e-06                  -4.912737e-15
3220                  -6.103516e-06                  -4.857226e-15
3230                  -6.103516e-06                  -4.801715e-15
3240                  -6.103516e-06                  -4.746203e-15
3250                  -6.103516e-06                  -4.690692e-15
3260                  -6.103516e-06                  -4.635181e-15
3270                  -6.103516e-06                  -4.579670e-15
3280                  -6.103516e-06                  -4.524159e-15
3290                  -6.103516e-06                  -4.468648e-15
3300                  -6.103516e-06                  -4.413137e-15
3310                  -6.103516e-06                  -4.357625e-15
3320                  -6.103516e-06                  -4.302114e-15
3330                  -6.103516e-06                  -4.246603e-15
3340                  -6.103516e-06                  -4.191092e-15
3350                  -6.103516e-06                  -4.135581e-15
3360                  -6.103516e-06                  -4.080070e-15
3370                  -6.103516e-06                  -4.024558e-15
3380                  -6.103516e-06                  -3.969047e-15
3390                  -6.103516e-06                  -3.913536e-15
3400                  -6.103516e-06                  -3.858025e-15
3410                  -6.103516e-06                  -3.802514e-15
3420                  -6.103516e-06                  -3.747003e-15
3430                  -6.103516e-06                  -3.691492e-15
3440                  -6.103516e-06                  -3.635980e-15
3450                  -6.103516e-06                  -3.580469e-15
3460                  -6.103516e-06                  -3.524958e-15
3470                  -6.103516e-06                  -3.469447e-15
3480                  -6.103516e-06                  -3.413936e-15
3490                  -6.103516e-06                  -3.358425e-15
3500                  -6.103516e-06                  -3.302913e-15
3510                  -6.103516e-06                  -3.247402e-15
3520                  -6.103516e-06                  -3.191891e-15
3530                  -6.103516e-06                  -3.136380e-15
3540                  -6.103516e-06                  -3.080869e-15
3550                  -6.103516e-06                  -3.025358e-15
3560                  -6.103516e-06                  -2.969847e-15
3570                  -6.103516e-06                  -2.914335e-15
3580                  -6.103516e-06                  -2.858824e-15
3590                  -6.103516e-06                  -2.803313e-15
3600                  -6.103516e-06                  -2.747802e-15
3610                  -6.103516e-06                  -2.692291e-15
3620                  -6.103516e-06                  -2.636780e-15
3630                  -6.103516e-06                  -2.581269e-15
3640                  -6.103516e-06                  -2.525757e-15
3650                  -6.103516e-06                  -2.470246e-15
3660                  -6.103516e-06                  -2.414735e-15
3670                  -6.103516e-06                  -2.359224e-15
3680                  -6.103516e-06                  -2.303713e-15
3690                  -6.103516e-06                  -2.248202e-15
3700                  -6.103516e-06                  -2.192690e-15
3710                  -6.103516e-06                  -2.137179e-15
3720                  -6.103516e-06                  -2.081668e-15
3730                  -6.103516e-06                  -2.026157e-15
3740                  -6.103516e-06                  -1.970646e-15
3750                  -6.103516e-06                  -1.915135e-15
3760                  -6.103516e-06                  -1.859624e-15
3770                  -6.103516e-06                  -1.804112e-15
3780                  -6.103516e-06                  -1.748601e-15
3790                  -6.103516e-06                  -1.693090e-15
3800                  -6.103516e-06                  -1.637579e-15
3810                  -6.103516e-06                  -1.582068e-15
3820                  -6.103516e-06                  -1.526557e-15
3830                  -6.103516e-06                  -1.471046e-15
3840                  -6.103516e-06                  -1.415534e-15
3850                  -6.103516e-06                  -1.360023e-15
3860                  -6.103516e-06                  -1.304512e-15
3870                  -6.103516e-06                  -1.249001e-15
3880                  -6.103516e-06                  -1.193490e-15
3890                  -6.103516e-06                  -1.137979e-15
3900                  -6.103516e-06                  -1.082467e-15
3910                  -6.103516e-06                  -1.026956e-15
3920                  -6.103516e-06                  -9.714451e-16
3930                  -6.103516e-06                  -9.159340e-16
3940                  -6.103516e-06                  -8.604228e-16
3950                  -6.103516e-06                  -8.049117e-16
3960                  -6.103516e-06                  -7.494005e-16
3970                  -6.103516e-06                  -6.938894e-16
3980                  -6.103516e-06                  -6.383782e-16
3990                  -6.103516e-06                  -5.828671e-16
4000                  -6.103516e-06                  -5.273559e-16
4010                  -6.103516e-06                  -4.718448e-16
4020                  -6.103516e-06                  -4.163336e-16
4030                  -6.103516e-06                  -3.608225e-16
4040                  -6.103516e-06                  -3.053113e-16
4050                  -6.103516e-06                  -2.498002e-16
4060                  -6.103516e-06                  -1.942890e-16
4070                  -6.103516e-06                  -1.387779e-16
4080                  -6.103516e-06                  -8.326673e-17
4090                  -6.103516e-06                  -2.775558e-17
4100                  -6.103516e-06                   2.775558e-17
4110                  -6.103516e-06                   8.326673e-17
4120                  -6.103516e-06                   1.387779e-16
4130                  -6.103516e-06                   1.942890e-16
4140                  -6.103516e-06                   2.498002e-16
4150                  -6.103516e-06                   3.053113e-16
4160                  -6.103516e-06                   3.608225e-16
4170                  -6.103516e-06                   4.163336e-16
4180                  -6.103516e-06                   4.718448e-16
4190                  -6.103516e-06                   5.273559e-16
4200                  -6.103516e-06                   5.828671e-16
4210                  -6.103516e-06                   6.383782e-16
4220                  -6.103516e-06                   6.938894e-16
4230                  -6.103516e-06                   7.494005e-16
4240                  -6.103516e-06                   8.049117e-16
4250                  -6.103516e-06                   8.604228e-16
4260                  -6.103516e-06                   9.159340e-16
4270                  -6.103516e-06                   9.714451e-16
4280                  -6.103516e-06                   1.026956e-15
4290                  -6.103516e-06                   1.082467e-15
4300                  -6.103516e-06                   1.137979e-15
4310                  -6.103516e-06                   1.193490e-15
4320                  -6.103516e-06                   1.249001e-15
4330                  -6.103516e-06                   1.304512e-15
4340                  -6.103516e-06                   1.360023e-15
4350                  -6.103516e-06                   1.415534e-15
4360                  -6.103516e-06                   1.471046e-15
4370                  -6.103516e-06                   1.526557e-15
4380                  -6.103516e-06                   1.582068e-15
4390                  -6.103516e-06                   1.637579e-15
4400                  -6.103516e-06                   1.693090e-15
4410                  -6.103516e-06                   1.748601e-15
4420                  -6.103516e-06                   1.804112e-15
4430                  -6.103516e-06                   1.859624e-15
4440                  -6.103516e-06                   1.915135e-15
4450                  -6.103516e-06                   1.970646e-15
4460                  -6.103516e-06                   2.026157e-15
4470                  -6.103516e-06                   2.081668e-15
4480                  -6.103516e-06                   2.137179e-15
4490                  -6.103516e-06                   2.192690e-15
4500                  -6.103516e-06                   2.248202e-15
4510                  -6.103516e-06                   2.303713e-15
4520                  -6.103516e-06                   2.359224e-15
4530                  -6.103516e-06                   2.414735e-15
4540                  -6.103516e-06                   2.470246e-15
4550                  -6.103516e-06                   2.525757e-15
4560                  -6.103516e-06                   2.581269e-15
4570                  -6.103516e-06                   2.636780e-15
4580                  -6.103516e-06                   2.692291e-15
4590                  -6.103516e-06                   2.747802e-15
4600                  -6.103516e-06                   2.803313e-15
4610                  -6.103516e-06                   2.858824e-15
4620                  -6.103516e-06                   2.914335e-15
4630                  -6.103516e-06                   2.969847e-15
4640                  -6.103516e-06                   3.025358e-15
4650                  -6.103516e-06                   3.080869e-15
4660                  -6.103516e-06                   3.136380e-15
4670                  -6.103516e-06                   3.191891e-15
4680                  -6.103516e-06                   3.247402e-15
4690                  -6.103516e-06                   3.302913e-15
4700                  -6.103516e-06                   3.358425e-15
4710                  -6.103516e-06                   3.413936e-15
4720                  -6.103516e-06                   3.469447e-15
4730                  -6.103516e-06                   3.524958e-15
4740                  -6.103516e-06                   3.580469e-15
4750                  -6.103516e-06                   3.635980e-15
4760                  -6.103516e-06                   3.691492e-15
4770                  -6.103516e-06                   3.747003e-15
4780                  -6.103516e-06                   3.802514e-15
4790                  -6.103516e-06                   3.858025e-15
4800                  -6.103516e-06                   3.913536e-15
4810                  -6.103516e-06                   3.969047e-15
4820                  -6.103516e-06                   4.024558e-15
4830                  -6.103516e-06                   4.080070e-15
4840                  -6.103516e-06                   4.135581e-15
4850                  -6.103516e-06                   4.191092e-15
4860                  -6.103516e-06                   4.246603e-15
4870                  -6.103516e-06                   4.302114e-15
4880                  -6.103516e-06                   4.357625e-15
4890                  -6.103516e-06                   4.413137e-15
4900                  -6.103516e-06                   4.468648e-15
4910                  -6.103516e-06                   4.524159e-15
4920                  -6.103516e-06                   4.579670e-15
4930                  -6.103516e-06                   4.635181e-15
4940                  -6.103516e-06                   4.690692e-15
4950                  -6.103516e-06                   4.746203e-15
4960                  -6.103516e-06                   4.801715e-15
4970                  -6.103516e-06                   4.857226e-15
4980                  -6.103516e-06                   4.912737e-15
4990                  -6.103516e-06                   4.968248e-15
5000                  -6.103516e-06                   5.023759e-15
5010                  -6.103516e-06                   5.079270e-15
5020                  -6.103516e-06                   5.134781e-15
5030                  -6.103516e-06                   5.190293e-15
5040                  -6.103516e-06                   5.245804e-15
5050                  -6.103516e-06                   5.301315e-15
5060                  -6.103516e-06                   5.356826e-15
5070                  -6.103516e-06                   5.412337e-15
5080                  -6.103516e-06                   5.467848e-15
5090                  -6.103516e-06                   5.523360e-15
5100                  -6.103516e-06                   5.578871e-15
5110                  -6.103516e-06                   5.634382e-15
5120                   2.441406e-05                   5.662137e-15
5130                   2.441406e-05                   5.440093e-15
5140                   2.441406e-05                   5.218048e-15
5150                   2.441406e-05                   4.996004e-15
5160                   2.441406e-05                   4.773959e-15
5170                   2.441406e-05                   4.551914e-15
5180                   2.441406e-05                   4.329870e-15
5190                   2.441406e-05                   4.107825e-15
5200                   2.441406e-05                   3.885781e-15
5210                   2.441406e-05                   3.663736e-15
5220                   2.441406e-05                   3.441691e-15
5230                   2.441406e-05                   3.219647e-15
5240                   2.441406e-05                   2.997602e-15
5250                   2.441406e-05                   2.775558e-15
5260                   2.441406e-05                   2.553513e-15
5270                   2.441406e-05                   2.331468e-15
5280                   2.441406e-05                   2.109424e-15
5290                   2.441406e-05                   1.887379e-15
5300                   2.441406e-05                   1.665335e-15
5310                   2.441406e-05                   1.443290e-15
5320                   2.441406e-05                   1.221245e-15
5330                   2.441406e-05                   9.992007e-16
5340                   2.441406e-05                   7.771561e-16
5350                   2.441406e-05                   5.551115e-16
5360                   2.441406e-05                   3.330669e-16
5370                   2.441406e-05                   1.110223e-16
5380                   2.441406e-05                  -1.110223e-16
5390                   2.441406e-05                  -3.330669e-16
5400                   2.441406e-05                  -5.551115e-16
5410                   2.441406e-05                  -7.771561e-16
5420                   2.441406e-05                  -9.992007e-16
5430                   2.441406e-05                  -1.221245e-15
5440                   2.441406e-05                  -1.443290e-15
5450                   2.441406e-05                  -1.665335e-15
5460                   2.441406e-05                  -1.887379e-15
5470                   2.441406e-05                  -2.109424e-15
5480                   2.441406e-05                  -2.331468e-15
5490                   2.441406e-05                  -2.553513e-15
5500                   2.441406e-05                  -2.775558e-15
5510                   2.441406e-05                  -2.997602e-15
5520                   2.441406e-05                  -3.219647e-15
5530                   2.441406e-05                  -3.441691e-15
5540                   2.441406e-05                  -3.663736e-15
5550                   2.441406e-05                  -3.885781e-15
5560                   2.441406e-05                  -4.107825e-15
5570                   2.441406e-05                  -4.329870e-15
5580                   2.441406e-05                  -4.551914e-15
5590                   2.441406e-05                  -4.773959e-15
5600                   2.441406e-05                  -4.996004e-15
5610                   2.441406e-05                  -5.218048e-15
5620                   2.441406e-05                  -5.440093e-15
5630                   2.441406e-05                  -5.662137e-15
5640                   2.441406e-05                  -5.884182e-15
5650                   2.441406e-05                  -6.106227e-15
5660                   2.441406e-05                  -6.328271e-15
5670                   2.441406e-05                  -6.550316e-15
5680                   2.441406e-05                  -6.772360e-15
5690                   2.441406e-05                  -6.994405e-15
5700                   2.441406e-05                  -7.216450e-15
5710                   2.441406e-05                  -7.438494e-15
5720                   2.441406e-05                  -7.660539e-15
5730                   2.441406e-05                  -7.882583e-15
5740                   2.441406e-05                  -8.104628e-15
5750                   2.441406e-05                  -8.326673e-15
5760                   2.441406e-05                  -8.548717e-15
5770                   2.441406e-05                  -8.770762e-15
5780                   2.441406e-05                  -8.992806e-15
5790                   2.441406e-05                  -9.214851e-15
5800                   2.441406e-05                  -9.436896e-15
5810                   2.441406e-05                  -9.658940e-15
5820                   2.441406e-05                  -9.880985e-15
5830                   2.441406e-05                  -1.010303e-14
5840                   2.441406e-05                  -1.032507e-14
5850                   2.441406e-05                  -1.054712e-14
5860                   2.441406e-05                  -1.076916e-14
5870                   2.441406e-05                  -1.099121e-14
5880                   2.441406e-05                  -1.121325e-14
5890                   2.441406e-05                  -1.143530e-14
5900                   2.441406e-05                  -1.165734e-14
5910                   2.441406e-05                  -1.187939e-14
5920                   2.441406e-05                  -1.210143e-14
5930                   2.441406e-05                  -1.232348e-14
5940                   2.441406e-05                  -1.254552e-14
5950                   2.441406e-05                  -1.276756e-14
5960                   2.441406e-05                  -1.298961e-14
5970                   2.441406e-05                  -1.321165e-14
5980                   2.441406e-05                  -1.343370e-14
5990                   2.441406e-05                  -1.365574e-14
6000                   2.441406e-05                  -1.387779e-14
6010                   2.441406e-05                  -1.409983e-14
6020                   2.441406e-05                  -1.432188e-14
6030                   2.441406e-05                  -1.454392e-14
6040                   2.441406e-05                  -1.476597e-14
6050                   2.441406e-05                  -1.498801e-14
6060                   2.441406e-05                  -1.521006e-14
6070                   2.441406e-05                  -1.543210e-14
6080                   2.441406e-05                  -1.565414e-14
6090                   2.441406e-05                  -1.587619e-14
6100                   2.441406e-05                  -1.609823e-14
6110                   2.441406e-05                  -1.632028e-14
6120                   2.441406e-05                  -1.654232e-14
6130                   2.441406e-05                  -1.676437e-14
6140                   2.441406e-05                  -1.698641e-14
6150                   2.441406e-05                  -1.720846e-14
6160                   2.441406e-05                  -1.743050e-14
6170                   2.441406e-05                  -1.765255e-14
6180                   2.441406e-05                  -1.787459e-14
6190                   2.441406e-05                  -1.809664e-14
6200                   2.441406e-05                  -1.831868e-14
6210                   2.441406e-05                  -1.854072e-14
6220                   2.441406e-05                  -1.876277e-14
6230                   2.441406e-05                  -1.898481e-14
6240                   2.441406e-05                  -1.920686e-14
6250                   2.441406e-05                  -1.942890e-14
6260                   2.441406e-05                  -1.965095e-14
6270                   2.441406e-05                  -1.987299e-14
6280                   2.441406e-05                  -2.009504e-14
6290                   2.441406e-05                  -2.031708e-14
6300                   2.441406e-05                  -2.053913e-14
6310                   2.441406e-05                  -2.076117e-14
6320                   2.441406e-05                  -2.098322e-14
6330                   2.441406e-05                  -2.120526e-14
6340                   2.441406e-05                  -2.142730e-14
6350                   2.441406e-05                  -2.164935e-14
6360                   2.441406e-05                  -2.187139e-14
6370                   2.441406e-05                  -2.209344e-14
6380                   2.441406e-05                  -2.231548e-14
6390                   2.441406e-05                  -2.253753e-14
6400                   2.441406e-05                  -2.275957e-14
6410                   2.441406e-05                  -2.298162e-14
6420                   2.441406e-05                  -2.320366e-14
6430                   2.441406e-05                  -2.342571e-14
6440                   2.441406e-05                  -2.364775e-14
6450                   2.441406e-05                  -2.386980e-14
6460                   2.441406e-05                  -2.409184e-14
6470                   2.441406e-05                  -2.431388e-14
6480                   2.441406e-05                  -2.453593e-14
6490                   2.441406e-05                  -2.475797e-14
6500                   2.441406e-05                  -2.498002e-14
6510                   2.441406e-05                  -2.520206e-14
6520                   2.441406e-05                  -2.542411e-14
6530                   2.441406e-05                  -2.564615e-14
6540                   2.441406e-05                  -2.586820e-14
6550                   2.441406e-05                  -2.609024e-14
6560                   2.441406e-05                  -2.631229e-14
6570                   2.441406e-05                  -2.653433e-14
6580                   2.441406e-05                  -2.675637e-14
6590                   2.441406e-05                  -2.697842e-14
6600                   2.441406e-05                  -2.720046e-14
6610                   2.441406e-05                  -2.742251e-14
6620                   2.441406e-05                  -2.764455e-14
6630                   2.441406e-05                  -2.786660e-14
6640                   2.441406e-05                  -2.808864e-14
6650                   2.441406e-05                  -2.831069e-14
6660                   2.441406e-05                  -2.853273e-14
6670                   2.441406e-05                  -2.875478e-14
6680                   2.441406e-05                  -2.897682e-14
6690                   2.441406e-05                  -2.919887e-14
6700                   2.441406e-05                  -2.942091e-14
6710                   2.441406e-05                  -2.964295e-14
6720                   2.441406e-05                  -2.986500e-14
6730                   2.441406e-05                  -3.008704e-14
6740                   2.441406e-05                  -3.030909e-14
6750                   2.441406e-05                  -3.053113e-14
6760                   2.441406e-05                  -3.075318e-14
6770                   2.441406e-05                  -3.097522e-14
6780                   2.441406e-05                  -3.119727e-14
6790                   2.441406e-05                  -3.141931e-14
6800                   2.441406e-05                  -3.164136e-14
6810                   2.441406e-05                  -3.186340e-14
6820                   2.441406e-05                  -3.208545e-14
6830                   2.441406e-05                  -3.230749e-14
6840                   2.441406e-05                  -3.252953e-14
6850                   2.441406e-05                  -3.275158e-14
6860                   2.441406e-05                  -3.297362e-14
6870                   2.441406e-05                  -3.319567e-14
6880                   2.441406e-05                  -3.341771e-14
6890                   2.441406e-05                  -3.363976e-14
6900                   2.441406e-05                  -3.386180e-14
6910                   2.441406e-05                  -3.408385e-14
6920                   2.441406e-05                  -3.430589e-14
6930                   2.441406e-05                  -3.452794e-14
6940                   2.441406e-05                  -3.474998e-14
6950                   2.441406e-05                  -3.497203e-14
6960                   2.441406e-05                  -3.519407e-14
6970                   2.441406e-05                  -3.541611e-14
6980                   2.441406e-05                  -3.563816e-14
6990                   2.441406e-05                  -3.586020e-14
7000                   2.441406e-05                  -3.608225e-14
7010                   2.441406e-05                  -3.630429e-14
7020                   2.441406e-05                  -3.652634e-14
7030                   2.441406e-05                  -3.674838e-14
7040                   2.441406e-05                  -3.697043e-14
7050                   2.441406e-05                  -3.719247e-14
7060                   2.441406e-05                  -3.741452e-14
7070                   2.441406e-05                  -3.763656e-14
7080                   2.441406e-05                  -3.785861e-14
7090                   2.441406e-05                  -3.808065e-14
7100                   2.441406e-05                  -3.830269e-14
7110                   2.441406e-05                  -3.852474e-14
7120                   2.441406e-05                  -3.874678e-14
7130                   2.441406e-05                  -3.896883e-14
7140                   2.441406e-05                  -3.919087e-14
7150                   2.441406e-05                  -3.941292e-14
7160                   2.441406e-05                  -3.963496e-14
7170                   2.441406e-05                  -3.985701e-14
7180                   2.441406e-05                  -4.007905e-14
7190                   2.441406e-05                  -4.030110e-14
7200                   2.441406e-05                  -4.052314e-14
7210                   2.441406e-05                  -4.074519e-14
7220                   2.441406e-05                  -4.096723e-14
7230                   2.441406e-05                  -4.118927e-14
7240                   2.441406e-05                  -4.141132e-14
7250                   2.441406e-05                  -4.163336e-14
7260                   2.441406e-05                  -4.185541e-14
7270                   2.441406e-05                  -4.207745e-14
7280                   2.441406e-05                  -4.229950e-14
7290                   2.441406e-05                  -4.252154e-14
7300                   2.441406e-05                  -4.274359e-14
7310                   2.441406e-05                  -4.296563e-14
7320                   2.441406e-05                  -4.318768e-14
7330                   2.441406e-05                  -4.340972e-14
7340                   2.441406e-05                  -4.363176e-14
7350                   2.441406e-05                  -4.385381e-14
7360                   2.441406e-05                  -4.407585e-14
7370                   2.441406e-05                  -4.429790e-14
7380                   2.441406e-05                  -4.451994e-14
7390                   2.441406e-05                  -4.474199e-14
7400                   2.441406e-05                  -4.496403e-14
7410                   2.441406e-05                  -4.518608e-14
7420                   2.441406e-05                  -4.540812e-14
7430                   2.441406e-05                  -4.563017e-14
7440                   2.441406e-05                  -4.585221e-14
7450                   2.441406e-05                  -4.607426e-14
7460                   2.441406e-05                  -4.629630e-14
7470                   2.441406e-05                  -4.651834e-14
7480                   2.441406e-05                  -4.674039e-14
7490                   2.441406e-05                  -4.696243e-14
7500                   2.441406e-05                  -4.718448e-14
7510                   2.441406e-05                  -4.740652e-14
7520                   2.441406e-05                  -4.762857e-14
7530                   2.441406e-05                  -4.785061e-14
7540                   2.441406e-05                  -4.807266e-14
7550                   2.441406e-05                  -4.829470e-14
7560                   2.441406e-05                  -4.851675e-14
7570                   2.441406e-05                  -4.873879e-14
7580                   2.441406e-05                  -4.896084e-14
7590                   2.441406e-05                  -4.918288e-14
7600                   2.441406e-05                  -4.940492e-14
7610                   2.441406e-05                  -4.962697e-14
7620                   2.441406e-05                  -4.984901e-14
7630                   2.441406e-05                  -5.007106e-14
7640                   2.441406e-05                  -5.029310e-14
7650                   2.441406e-05                  -5.051515e-14
7660                   2.441406e-05                  -5.073719e-14
7670                   2.441406e-05                  -5.095924e-14
7680                   2.441406e-05                  -5.118128e-14
7690                   2.441406e-05                  -5.140333e-14
7700                   2.441406e-05                  -5.162537e-14
7710                   2.441406e-05                  -5.184742e-14
7720                   2.441406e-05                  -5.206946e-14
7730                   2.441406e-05                  -5.229150e-14
7740                   2.441406e-05                  -5.251355e-14
7750                   2.441406e-05                  -5.273559e-14
7760                   2.441406e-05                  -5.295764e-14
7770                   2.441406e-05                  -5.317968e-14
7780                   2.441406e-05                  -5.340173e-14
7790                   2.441406e-05                  -5.362377e-14
7800                   2.441406e-05                  -5.384582e-14
7810                   2.441406e-05                  -5.406786e-14
7820                   2.441406e-05                  -5.428991e-14
7830                   2.441406e-05                  -5.451195e-14
7840                   2.441406e-05                  -5.473400e-14
7850                   2.441406e-05                  -5.495604e-14
7860                   2.441406e-05                  -5.517808e-14
7870                   2.441406e-05                  -5.540013e-14
7880                   2.441406e-05                  -5.562217e-14
7890                   2.441406e-05                  -5.584422e-14
7900                   2.441406e-05                  -5.606626e-14
7910                   2.441406e-05                  -5.628831e-14
7920                   2.441406e-05                  -5.651035e-14
7930                   2.441406e-05                  -5.673240e-14
7940                   2.441406e-05                   5.673240e-14
7950                   2.441406e-05                   5.651035e-14
7960                   2.441406e-05                   5.628831e-14
7970                   2.441406e-05                   5.606626e-14
7980                   2.441406e-05                   5.584422e-14
7990                   2.441406e-05                   5.562217e-14
8000                   2.441406e-05                   5.540013e-14
8010                   2.441406e-05                   5.517808e-14
8020                   2.441406e-05                   5.495604e-14
8030                   2.441406e-05                   5.473400e-14
8040                   2.441406e-05                   5.451195e-14
8050                   2.441406e-05                   5.428991e-14
8060                   2.441406e-05                   5.406786e-14
8070                   2.441406e-05                   5.384582e-14
8080                   2.441406e-05                   5.362377e-14
8090                   2.441406e-05                   5.340173e-14
8100                   2.441406e-05                   5.317968e-14
8110                   2.441406e-05                   5.295764e-14
8120                   2.441406e-05                   5.273559e-14
8130                   2.441406e-05                   5.251355e-14
8140                   2.441406e-05                   5.229150e-14
8150                   2.441406e-05                   5.206946e-14
8160                   2.441406e-05                   5.184742e-14
8170                   2.441406e-05                   5.162537e-14
8180                   2.441406e-05                   5.140333e-14
8190                   2.441406e-05                   5.118128e-14
8200                   2.441406e-05                   5.095924e-14
8210                   2.441406e-05                   5.073719e-14
8220                   2.441406e-05                   5.051515e-14
8230                   2.441406e-05                   5.029310e-14
8240                   2.441406e-05                   5.007106e-14
8250                   2.441406e-05                   4.984901e-14
8260                   2.441406e-05                   4.962697e-14
8270                   2.441406e-05                   4.940492e-14
8280                   2.441406e-05                   4.918288e-14
8290                   2.441406e-05                   4.896084e-14
8300                   2.441406e-05                   4.873879e-14
8310                   2.441406e-05                   4.851675e-14
8320                   2.441406e-05                   4.829470e-14
8330                   2.441406e-05                   4.807266e-14
8340                   2.441406e-05                   4.785061e-14
8350                   2.441406e-05                   4.762857e-14
8360                   2.441406e-05                   4.740652e-14
8370                   2.441406e-05                   4.718448e-14
8380                   2.441406e-05                   4.696243e-14
8390                   2.441406e-05                   4.674039e-14
8400                   2.441406e-05                   4.651834e-14
8410                   2.441406e-05                   4.629630e-14
8420                   2.441406e-05                   4.607426e-14
8430                   2.441406e-05                   4.585221e-14
8440                   2.441406e-05                   4.563017e-14
8450                   2.441406e-05                   4.540812e-14
8460                   2.441406e-05                   4.518608e-14
8470                   2.441406e-05                   4.496403e-14
8480                   2.441406e-05                   4.474199e-14
8490                   2.441406e-05                   4.451994e-14
8500                   2.441406e-05                   4.429790e-14
8510                   2.441406e-05                   4.407585e-14
8520                   2.441406e-05                   4.385381e-14
8530                   2.441406e-05                   4.363176e-14
8540                   2.441406e-05                   4.340972e-14
8550                   2.441406e-05                   4.318768e-14
8560                   2.441406e-05                   4.296563e-14
8570                   2.441406e-05                   4.274359e-14
8580                   2.441406e-05                   4.252154e-14
8590                   2.441406e-05                   4.229950e-14
8600                   2.441406e-05                   4.207745e-14
8610                   2.441406e-05                   4.185541e-14
8620                   2.441406e-05                   4.163336e-14
8630                   2.441406e-05                   4.141132e-14
8640                   2.441406e-05                   4.118927e-14
8650                   2.441406e-05                   4.096723e-14
8660                   2.441406e-05                   4.074519e-14
8670                   2.441406e-05                   4.052314e-14
8680                   2.441406e-05                   4.030110e-14
8690                   2.441406e-05                   4.007905e-14
8700                   2.441406e-05                   3.985701e-14
8710                   2.441406e-05                   3.963496e-14
8720                   2.441406e-05                   3.941292e-14
8730                   2.441406e-05                   3.919087e-14
8740                   2.441406e-05                   3.896883e-14
8750                   2.441406e-05                   3.874678e-14
8760                   2.441406e-05                   3.852474e-14
8770                   2.441406e-05                   3.830269e-14
8780                   2.441406e-05                   3.808065e-14
8790                   2.441406e-05                   3.785861e-14
8800                   2.441406e-05                   3.763656e-14
8810                   2.441406e-05                   3.741452e-14
8820                   2.441406e-05                   3.719247e-14
8830                   2.441406e-05                   3.697043e-14
8840                   2.441406e-05                   3.674838e-14
8850                   2.441406e-05                   3.652634e-14
8860                   2.441406e-05                   3.630429e-14
8870                   2.441406e-05                   3.608225e-14
8880                   2.441406e-05                   3.586020e-14
8890                   2.441406e-05                   3.563816e-14
8900                   2.441406e-05                   3.541611e-14
8910                   2.441406e-05                   3.519407e-14
8920                   2.441406e-05                   3.497203e-14
8930                   2.441406e-05                   3.474998e-14
8940                   2.441406e-05                   3.452794e-14
8950                   2.441406e-05                   3.430589e-14
8960                   2.441406e-05                   3.408385e-14
8970                   2.441406e-05                   3.386180e-14
8980                   2.441406e-05                   3.363976e-14
8990                   2.441406e-05                   3.341771e-14
9000                   2.441406e-05                   3.319567e-14
9010                   2.441406e-05                   3.297362e-14
9020                   2.441406e-05                   3.275158e-14
9030                   2.441406e-05                   3.252953e-14
9040                   2.441406e-05                   3.230749e-14
9050                   2.441406e-05                   3.208545e-14
9060                   2.441406e-05                   3.186340e-14
9070                   2.441406e-05                   3.164136e-14
9080                   2.441406e-05                   3.141931e-14
9090                   2.441406e-05                   3.119727e-14
9100                   2.441406e-05                   3.097522e-14
9110                   2.441406e-05                   3.075318e-14
9120                   2.441406e-05                   3.053113e-14
9130                   2.441406e-05                   3.030909e-14
9140                   2.441406e-05                   3.008704e-14
9150                   2.441406e-05                   2.986500e-14
9160                   2.441406e-05                   2.964295e-14
9170                   2.441406e-05                   2.942091e-14
9180                   2.441406e-05                   2.919887e-14
9190                   2.441406e-05                   2.897682e-14
9200                   2.441406e-05                   2.875478e-14
9210                   2.441406e-05                   2.853273e-14
9220                   2.441406e-05                   2.831069e-14
9230                   2.441406e-05                   2.808864e-14
9240                   2.441406e-05                   2.786660e-14
9250                   2.441406e-05                   2.764455e-14
9260                   2.441406e-05                   2.742251e-14
9270                   2.441406e-05                   2.720046e-14
9280                   2.441406e-05                   2.697842e-14
9290                   2.441406e-05                   2.675637e-14
9300                   2.441406e-05                   2.653433e-14
9310                   2.441406e-05                   2.631229e-14
9320                   2.441406e-05                   2.609024e-14
9330                   2.441406e-05                   2.586820e-14
9340                   2.441406e-05                   2.564615e-14
9350                   2.441406e-05                   2.542411e-14
9360                   2.441406e-05                   2.520206e-14
9370                   2.441406e-05                   2.498002e-14
9380                   2.441406e-05                   2.475797e-14
9390                   2.441406e-05                   2.453593e-14
9400                   2.441406e-05                   2.431388e-14
9410                   2.441406e-05                   2.409184e-14
9420                   2.441406e-05                   2.386980e-14
9430                   2.441406e-05                   2.364775e-14
9440                   2.441406e-05                   2.342571e-14
9450                   2.441406e-05                   2.320366e-14
9460                   2.441406e-05                   2.298162e-14
9470                   2.441406e-05                   2.275957e-14
9480                   2.441406e-05                   2.253753e-14
9490                   2.441406e-05                   2.231548e-14
9500                   2.441406e-05                   2.209344e-14
9510                   2.441406e-05                   2.187139e-14
9520                   2.441406e-05                   2.164935e-14
9530                   2.441406e-05                   2.142730e-14
9540                   2.441406e-05                   2.120526e-14
9550                   2.441406e-05                   2.098322e-14
9560                   2.441406e-05                   2.076117e-14
9570                   2.441406e-05                   2.053913e-14
9580                   2.441406e-05                   2.031708e-14
9590                   2.441406e-05                   2.009504e-14
9600                   2.441406e-05                   1.987299e-14
9610                   2.441406e-05                   1.965095e-14
9620                   2.441406e-05                   1.942890e-14
9630                   2.441406e-05                   1.920686e-14
9640                   2.441406e-05                   1.898481e-14
9650                   2.441406e-05                   1.876277e-14
9660                   2.441406e-05                   1.854072e-14
9670                   2.441406e-05                   1.831868e-14
9680                   2.441406e-05                   1.809664e-14
9690                   2.441406e-05                   1.787459e-14
9700                   2.441406e-05                   1.765255e-14
9710                   2.441406e-05                   1.743050e-14
9720                   2.441406e-05                   1.720846e-14
9730                   2.441406e-05                   1.698641e-14
9740                   2.441406e-05                   1.676437e-14
9750                   2.441406e-05                   1.654232e-14
9760                   2.441406e-05                   1.632028e-14
9770                   2.441406e-05                   1.609823e-14
9780                   2.441406e-05                   1.587619e-14
9790                   2.441406e-05                   1.565414e-14
9800                   2.441406e-05                   1.543210e-14
9810                   2.441406e-05                   1.521006e-14
9820                   2.441406e-05                   1.498801e-14
9830                   2.441406e-05                   1.476597e-14
9840                   2.441406e-05                   1.454392e-14
9850                   2.441406e-05                   1.432188e-14
9860                   2.441406e-05                   1.409983e-14
9870                   2.441406e-05                   1.387779e-14
9880                   2.441406e-05                   1.365574e-14
9890                   2.441406e-05                   1.343370e-14
9900                   2.441406e-05                   1.321165e-14
9910                   2.441406e-05                   1.298961e-14
9920                   2.441406e-05                   1.276756e-14
9930                   2.441406e-05                   1.254552e-14
9940                   2.441406e-05                   1.232348e-14
9950                   2.441406e-05                   1.210143e-14
9960                   2.441406e-05                   1.187939e-14
9970                   2.441406e-05                   1.165734e-14
9980                   2.441406e-05                   1.143530e-14
9990                   2.441406e-05                   1.121325e-14
10000                   2.441406e-05                   1.099121e-14
