0	                  1.490116e-09	                  0.000000e+00
10	                  1.430511e-07	                  1.942890e-16
20	                  1.430511e-07	                  4.163336e-16
30	                  8.106232e-07	                  1.249001e-15
40	                  1.525879e-06	                  1.193490e-15
50	                  2.479553e-06	                  2.414735e-15
60	                  3.433228e-06	                  6.022960e-15
70	                  4.386902e-06	                  9.631185e-15
80	                  5.340576e-06	                  1.323941e-14
90	                  1.525879e-06	                  1.684763e-14
100	                  2.288818e-06	                  2.045586e-14
110	                  6.103516e-06	                  2.406408e-14
120	                  9.918213e-06	                  2.767231e-14
130	                  1.373291e-05	                  3.128053e-14
140	                  1.754761e-05	                  3.488876e-14
150	                  2.136230e-05	                  3.849698e-14
160	                  2.517700e-05	                  4.210521e-14
170	                  2.899170e-05	                  2.794986e-14
180	                  3.280640e-05	                  1.379452e-14
190	                  3.662109e-05	                  3.608225e-16
200	                  4.043579e-05	                  1.451617e-14
210	                  4.425049e-05	                  2.867151e-14
220	                  4.806519e-05	                  4.282685e-14
230	                  5.187988e-05	                  5.698220e-14
240	                  5.569458e-05	                  7.113754e-14
250	                  5.950928e-05	                  8.529288e-14
260	                  6.332397e-05	                  9.944823e-14
270	                  6.713867e-05	                  1.136036e-13
280	                  7.095337e-05	                  1.277589e-13
290	                  7.476807e-05	                  1.419143e-13
300	                  7.858276e-05	                  1.560696e-13
310	                  8.239746e-05	                  1.702249e-13
320	                  8.239746e-05	                  1.843803e-13
330	                  6.713867e-05	                  1.985356e-13
340	                  5.187988e-05	                  2.126910e-13
350	                  3.662109e-05	                  2.268463e-13
360	                  2.136230e-05	                  2.410017e-13
370	                  6.103516e-06	                  2.551570e-13
380	                  9.155273e-06	                  2.693124e-13
390	                  2.441406e-05	                  2.834677e-13
400	                  3.967285e-05	                  2.976230e-13
410	                  5.493164e-05	                  3.117784e-13
420	                  7.019043e-05	                  3.259337e-13
430	                  8.544922e-05	                  3.400891e-13
440	                  1.007080e-04	                  3.542444e-13
450	                  1.159668e-04	                  3.683998e-13
460	                  1.312256e-04	                  3.825551e-13
470	                  1.464844e-04	                  3.967104e-13
480	                  1.617432e-04	                  4.108658e-13
490	                  1.770020e-04	                  4.250211e-13
500	                  1.922607e-04	                  4.391765e-13
510	                  2.075195e-04	                  4.533318e-13
520	                  2.227783e-04	                  4.674872e-13
530	                  2.380371e-04	                  4.816425e-13
540	                  2.532959e-04	                  4.957978e-13
550	                  2.685547e-04	                  5.099532e-13
560	                  2.838135e-04	                  5.241085e-13
570	                  2.990723e-04	                  5.382639e-13
580	                  3.143311e-04	                  5.524192e-13
590	                  3.295898e-04	                  5.665746e-13
600	                  3.448486e-04	                  5.807299e-13
610	                  3.601074e-04	                  5.948853e-13
620	                  3.753662e-04	                  6.090406e-13
630	                  3.906250e-04	                  6.231959e-13
640	                  4.058838e-04	                  6.302459e-13
650	                  4.211426e-04	                  5.733469e-13
660	                  4.364014e-04	                  5.164480e-13
670	                  4.516602e-04	                  4.595491e-13
680	                  4.669189e-04	                  4.026501e-13
690	                  4.821777e-04	                  3.457512e-13
700	                  4.974365e-04	                  2.888523e-13
710	                  5.126953e-04	                  2.319533e-13
720	                  5.279541e-04	                  1.750544e-13
730	                  5.432129e-04	                  1.181555e-13
740	                  5.584717e-04	                  6.125656e-14
750	                  5.737305e-04	                  4.357625e-15
760	                  5.889893e-04	                  5.254130e-14
770	                  6.042480e-04	                  1.094402e-13
780	                  6.195068e-04	                  1.663392e-13
790	                  6.347656e-04	                  2.232381e-13
800	                  6.500244e-04	                  2.801370e-13
810	                  6.652832e-04	                  3.370360e-13
820	                  6.805420e-04	                  3.939349e-13
830	                  6.958008e-04	                  4.508338e-13
840	                  7.110596e-04	                  5.077327e-13
850	                  7.263184e-04	                  5.646317e-13
860	                  7.415771e-04	                  6.215306e-13
870	                  7.568359e-04	                  6.784295e-13
880	                  7.720947e-04	                  7.353285e-13
890	                  7.873535e-04	                  7.922274e-13
900	                  8.026123e-04	                  8.491263e-13
910	                  8.178711e-04	                  9.060253e-13
920	                  8.331299e-04	                  9.629242e-13
930	                  8.483887e-04	                  1.019823e-12
940	                  8.636475e-04	                  1.076722e-12
950	                  8.789063e-04	                  1.133621e-12
960	                  8.941650e-04	                  1.190520e-12
970	                  9.094238e-04	                  1.247419e-12
980	                  9.246826e-04	                  1.304318e-12
990	                  9.399414e-04	                  1.361217e-12
1000	                  9.552002e-04	                  1.418116e-12
1010	                  9.704590e-04	                  1.475015e-12
1020	                  9.857178e-04	                  1.531913e-12
1030	                  1.000977e-03	                  1.588812e-12
1040	                  1.016235e-03	                  1.645711e-12
1050	                  1.031494e-03	                  1.702610e-12
1060	                  1.046753e-03	                  1.759509e-12
1070	                  1.062012e-03	                  1.816408e-12
1080	                  1.077271e-03	                  1.873307e-12
1090	                  1.092529e-03	                  1.930206e-12
1100	                  1.107788e-03	                  1.987105e-12
1110	                  1.123047e-03	                  2.044004e-12
1120	                  1.138306e-03	                  2.100903e-12
1130	                  1.153564e-03	                  2.157802e-12
1140	                  1.168823e-03	                  2.214701e-12
1150	                  1.184082e-03	                  2.271600e-12
1160	                  1.199341e-03	                  2.328499e-12
1170	                  1.214600e-03	                  2.385397e-12
1180	                  1.229858e-03	                  2.442296e-12
1190	                  1.245117e-03	                  2.499195e-12
1200	                  1.260376e-03	                  2.556094e-12
1210	                  1.275635e-03	                  2.612993e-12
1220	                  1.290894e-03	                  2.669892e-12
1230	                  1.306152e-03	                  2.726791e-12
1240	                  1.321411e-03	                  2.783690e-12
1250	                  1.336670e-03	                  2.840589e-12
1260	                  1.351929e-03	                  2.897488e-12
1270	                  1.367188e-03	                  2.954387e-12
1280	                  1.382446e-03	                  2.997075e-12
1290	                  1.321411e-03	                  3.053974e-12
1300	                  1.260376e-03	                  3.110873e-12
1310	                  1.199341e-03	                  3.167772e-12
1320	                  1.138306e-03	                  3.224671e-12
1330	                  1.077271e-03	                  3.281569e-12
1340	                  1.016235e-03	                  3.338468e-12
1350	                  9.552002e-04	                  3.395367e-12
1360	                  8.941650e-04	                  3.452266e-12
1370	                  8.331299e-04	                  3.509165e-12
1380	                  7.720947e-04	                  3.566064e-12
1390	                  7.110596e-04	                  3.622963e-12
1400	                  6.500244e-04	                  3.679862e-12
1410	                  5.889893e-04	                  3.736761e-12
1420	                  5.279541e-04	                  3.793660e-12
1430	                  4.669189e-04	                  3.850559e-12
1440	                  4.058838e-04	                  3.907458e-12
1450	                  3.448486e-04	                  3.964357e-12
1460	                  2.838135e-04	                  4.021256e-12
1470	                  2.227783e-04	                  4.078154e-12
1480	                  1.617432e-04	                  4.135053e-12
1490	                  1.007080e-04	                  4.191952e-12
1500	                  3.967285e-05	                  4.248851e-12
1510	                  2.136230e-05	                  4.305750e-12
1520	                  8.239746e-05	                  4.362649e-12
1530	                  1.434326e-04	                  4.419548e-12
1540	                  2.044678e-04	                  4.476447e-12
1550	                  2.655029e-04	                  4.533346e-12
1560	                  3.265381e-04	                  4.590245e-12
1570	                  3.875732e-04	                  4.647144e-12
1580	                  4.486084e-04	                  4.704043e-12
1590	                  5.096436e-04	                  4.760942e-12
1600	                  5.706787e-04	                  4.817841e-12
1610	                  6.317139e-04	                  4.874740e-12
1620	                  6.927490e-04	                  4.931638e-12
1630	                  7.537842e-04	                  4.988537e-12
1640	                  8.148193e-04	                  5.045436e-12
1650	                  8.758545e-04	                  5.102335e-12
1660	                  9.368896e-04	                  5.159234e-12
1670	                  9.979248e-04	                  5.216133e-12
1680	                  1.058960e-03	                  5.273032e-12
1690	                  1.119995e-03	                  5.329931e-12
1700	                  1.181030e-03	                  5.386830e-12
1710	                  1.242065e-03	                  5.443729e-12
1720	                  1.303101e-03	                  5.500628e-12
1730	                  1.364136e-03	                  5.557527e-12
1740	                  1.425171e-03	                  5.614426e-12
1750	                  1.486206e-03	                  5.671325e-12
1760	                  1.547241e-03	                  5.728223e-12
1770	                  1.608276e-03	                  5.785122e-12
1780	                  1.669312e-03	                  5.842021e-12
1790	                  1.730347e-03	                  5.898920e-12
1800	                  1.791382e-03	                  5.955819e-12
1810	                  1.852417e-03	                  6.012718e-12
1820	                  1.913452e-03	                  6.069617e-12
1830	                  1.974487e-03	                  6.126516e-12
1840	                  2.035522e-03	                  6.183415e-12
1850	                  2.096558e-03	                  6.240314e-12
1860	                  2.157593e-03	                  6.297213e-12
1870	                  2.218628e-03	                  6.354112e-12
1880	                  2.279663e-03	                  6.411011e-12
1890	                  2.340698e-03	                  6.467910e-12
1900	                  2.401733e-03	                  6.524808e-12
1910	                  2.462769e-03	                  6.581707e-12
1920	                  2.523804e-03	                  6.638606e-12
1930	                  2.584839e-03	                  6.695505e-12
1940	                  2.645874e-03	                  6.752404e-12
1950	                  2.706909e-03	                  6.809303e-12
1960	                  2.767944e-03	                  6.866202e-12
1970	                  2.828979e-03	                  6.923101e-12
1980	                  2.890015e-03	                  6.980000e-12
1990	                  2.951050e-03	                  7.036899e-12
2000	                  3.012085e-03	                  7.093798e-12
2010	                  3.073120e-03	                  7.150697e-12
2020	                  3.134155e-03	                  7.207596e-12
2030	                  3.195190e-03	                  7.264495e-12
2040	                  3.256226e-03	                  7.321393e-12
2050	                  3.317261e-03	                  7.378292e-12
2060	                  3.378296e-03	                  7.435191e-12
2070	                  3.439331e-03	                  7.492090e-12
2080	                  3.500366e-03	                  7.548989e-12
2090	                  3.561401e-03	                  7.605888e-12
2100	                  3.622437e-03	                  7.662787e-12
2110	                  3.683472e-03	                  7.719686e-12
2120	                  3.744507e-03	                  7.776585e-12
2130	                  3.805542e-03	                  7.833484e-12
2140	                  3.866577e-03	                  7.890383e-12
2150	                  3.927612e-03	                  7.947282e-12
2160	                  3.988647e-03	                  8.004181e-12
2170	                  4.049683e-03	                  8.061080e-12
2180	                  4.110718e-03	                  8.117979e-12
2190	                  4.171753e-03	                  8.174877e-12
2200	                  4.232788e-03	                  8.231776e-12
2210	                  4.293823e-03	                  8.288675e-12
2220	                  4.354858e-03	                  8.345574e-12
2230	                  4.415894e-03	                  8.402473e-12
2240	                  4.476929e-03	                  8.459372e-12
2250	                  4.537964e-03	                  8.516271e-12
2260	                  4.598999e-03	                  8.573170e-12
2270	                  4.660034e-03	                  8.630069e-12
2280	                  4.721069e-03	                  8.686968e-12
2290	                  4.782104e-03	                  8.743867e-12
2300	                  4.843140e-03	                  8.800766e-12
2310	                  4.904175e-03	                  8.857665e-12
2320	                  4.965210e-03	                  8.914564e-12
2330	                  5.026245e-03	                  8.971462e-12
2340	                  5.087280e-03	                  9.028361e-12
2350	                  5.148315e-03	                  9.085260e-12
2360	                  5.209351e-03	                  9.142159e-12
2370	                  5.270386e-03	                  9.199058e-12
2380	                  5.331421e-03	                  9.255957e-12
2390	                  5.392456e-03	                  9.312856e-12
2400	                  5.453491e-03	                  9.369755e-12
2410	                  5.514526e-03	                  9.426654e-12
2420	                  5.575562e-03	                  9.483553e-12
2430	                  5.636597e-03	                  9.540452e-12
2440	                  5.697632e-03	                  9.597351e-12
2450	                  5.758667e-03	                  9.654250e-12
2460	                  5.819702e-03	                  9.711149e-12
2470	                  5.880737e-03	                  9.768047e-12
2480	                  5.941772e-03	                  9.824946e-12
2490	                  6.002808e-03	                  9.881845e-12
2500	                  6.063843e-03	                  9.938744e-12
2510	                  6.124878e-03	                  9.995643e-12
2520	                  6.185913e-03	                  1.005254e-11
2530	                  6.246948e-03	                  1.010944e-11
2540	                  6.307983e-03	                  1.016634e-11
2550	                  6.369019e-03	                  1.022324e-11
2560	                  6.414795e-03	                  1.028014e-11
2570	                  6.475830e-03	                  1.005282e-11
2580	                  6.536865e-03	                  9.825502e-12
2590	                  6.597900e-03	                  9.598183e-12
2600	                  6.658936e-03	                  9.370865e-12
2610	                  6.719971e-03	                  9.143547e-12
2620	                  6.781006e-03	                  8.916229e-12
2630	                  6.842041e-03	                  8.688911e-12
2640	                  6.903076e-03	                  8.461593e-12
2650	                  6.964111e-03	                  8.234274e-12
2660	                  7.025146e-03	                  8.006956e-12
2670	                  7.086182e-03	                  7.779638e-12
2680	                  7.147217e-03	                  7.552320e-12
2690	                  7.208252e-03	                  7.325002e-12
2700	                  7.269287e-03	                  7.097684e-12
2710	                  7.330322e-03	                  6.870365e-12
2720	                  7.391357e-03	                  6.643047e-12
2730	                  7.452393e-03	                  6.415729e-12
2740	                  7.513428e-03	                  6.188411e-12
2750	                  7.574463e-03	                  5.961093e-12
2760	                  7.635498e-03	                  5.733775e-12
2770	                  7.696533e-03	                  5.506456e-12
2780	                  7.757568e-03	                  5.279138e-12
2790	                  7.818604e-03	                  5.051820e-12
2800	                  7.879639e-03	                  4.824502e-12
2810	                  7.940674e-03	                  4.597184e-12
2820	                  8.001709e-03	                  4.369866e-12
2830	                  8.062744e-03	                  4.142547e-12
2840	                  8.123779e-03	                  3.915229e-12
2850	                  8.184814e-03	                  3.687911e-12
2860	                  8.245850e-03	                  3.460593e-12
2870	                  8.306885e-03	                  3.233275e-12
2880	                  8.367920e-03	                  3.005957e-12
2890	                  8.428955e-03	                  2.778638e-12
2900	                  8.489990e-03	                  2.551320e-12
2910	                  8.551025e-03	                  2.324002e-12
2920	                  8.612061e-03	                  2.096684e-12
2930	                  8.673096e-03	                  1.869366e-12
2940	                  8.734131e-03	                  1.642048e-12
2950	                  8.795166e-03	                  1.414729e-12
2960	                  8.856201e-03	                  1.187411e-12
2970	                  8.917236e-03	                  9.600931e-13
2980	                  8.978271e-03	                  7.327750e-13
2990	                  9.039307e-03	                  5.054568e-13
3000	                  9.100342e-03	                  2.781386e-13
3010	                  9.161377e-03	                  5.082046e-14
3020	                  9.222412e-03	                  1.764977e-13
3030	                  9.283447e-03	                  4.038159e-13
3040	                  9.344482e-03	                  6.311340e-13
3050	                  9.405518e-03	                  8.584522e-13
3060	                  9.466553e-03	                  1.085770e-12
3070	                  9.527588e-03	                  1.313089e-12
3080	                  9.588623e-03	                  1.540407e-12
3090	                  9.649658e-03	                  1.767725e-12
3100	                  9.710693e-03	                  1.995043e-12
3110	                  9.771729e-03	                  2.222361e-12
3120	                  9.832764e-03	                  2.449679e-12
3130	                  9.893799e-03	                  2.676998e-12
3140	                  9.954834e-03	                  2.904316e-12
3150	                  1.001587e-02	                  3.131634e-12
3160	                  1.007690e-02	                  3.358952e-12
3170	                  1.013794e-02	                  3.586270e-12
3180	                  1.019897e-02	                  3.813588e-12
3190	                  1.026001e-02	                  4.040906e-12
3200	                  1.032104e-02	                  4.268225e-12
3210	                  1.038208e-02	                  4.495543e-12
3220	                  1.044312e-02	                  4.722861e-12
3230	                  1.050415e-02	                  4.950179e-12
3240	                  1.056519e-02	                  5.177497e-12
3250	                  1.062622e-02	                  5.404815e-12
3260	                  1.068726e-02	                  5.632134e-12
3270	                  1.074829e-02	                  5.859452e-12
3280	                  1.080933e-02	                  6.086770e-12
3290	                  1.087036e-02	                  6.314088e-12
3300	                  1.093140e-02	                  6.541406e-12
3310	                  1.099243e-02	                  6.768724e-12
3320	                  1.105347e-02	                  6.996043e-12
3330	                  1.111450e-02	                  7.223361e-12
3340	                  1.117554e-02	                  7.450679e-12
3350	                  1.123657e-02	                  7.677997e-12
3360	                  1.129761e-02	                  7.905315e-12
3370	                  1.135864e-02	                  8.132633e-12
3380	                  1.141968e-02	                  8.359952e-12
3390	                  1.148071e-02	                  8.587270e-12
3400	                  1.154175e-02	                  8.814588e-12
3410	                  1.160278e-02	                  9.041906e-12
3420	                  1.166382e-02	                  9.269224e-12
3430	                  1.172485e-02	                  9.496542e-12
3440	                  1.178589e-02	                  9.723861e-12
3450	                  1.184692e-02	                  9.951179e-12
3460	                  1.190796e-02	                  1.017850e-11
3470	                  1.196899e-02	                  1.040582e-11
3480	                  1.203003e-02	                  1.063313e-11
3490	                  1.209106e-02	                  1.086045e-11
3500	                  1.215210e-02	                  1.108777e-11
3510	                  1.221313e-02	                  1.131509e-11
3520	                  1.227417e-02	                  1.154241e-11
3530	                  1.233521e-02	                  1.176972e-11
3540	                  1.239624e-02	                  1.199704e-11
3550	                  1.245728e-02	                  1.222436e-11
3560	                  1.251831e-02	                  1.245168e-11
3570	                  1.257935e-02	                  1.267900e-11
3580	                  1.264038e-02	                  1.290631e-11
3590	                  1.270142e-02	                  1.313363e-11
3600	                  1.276245e-02	                  1.336095e-11
3610	                  1.282349e-02	                  1.358827e-11
3620	                  1.288452e-02	                  1.381559e-11
3630	                  1.294556e-02	                  1.404291e-11
3640	                  1.300659e-02	                  1.427022e-11
3650	                  1.306763e-02	                  1.449754e-11
3660	                  1.312866e-02	                  1.472486e-11
3670	                  1.318970e-02	                  1.495218e-11
3680	                  1.325073e-02	                  1.517950e-11
3690	                  1.331177e-02	                  1.540681e-11
3700	                  1.337280e-02	                  1.563413e-11
3710	                  1.343384e-02	                  1.586145e-11
3720	                  1.349487e-02	                  1.608877e-11
3730	                  1.355591e-02	                  1.631609e-11
3740	                  1.361694e-02	                  1.654341e-11
3750	                  1.367798e-02	                  1.677072e-11
3760	                  1.373901e-02	                  1.699804e-11
3770	                  1.380005e-02	                  1.722536e-11
3780	                  1.386108e-02	                  1.745268e-11
3790	                  1.392212e-02	                  1.768000e-11
3800	                  1.398315e-02	                  1.790731e-11
3810	                  1.404419e-02	                  1.813463e-11
3820	                  1.410522e-02	                  1.836195e-11
3830	                  1.416626e-02	                  1.858927e-11
3840	                  1.422729e-02	                  1.881659e-11
3850	                  1.428833e-02	                  1.904391e-11
3860	                  1.434937e-02	                  1.927122e-11
3870	                  1.441040e-02	                  1.949854e-11
3880	                  1.447144e-02	                  1.972586e-11
3890	                  1.453247e-02	                  1.995318e-11
3900	                  1.459351e-02	                  2.018050e-11
3910	                  1.465454e-02	                  2.040781e-11
3920	                  1.471558e-02	                  2.063513e-11
3930	                  1.477661e-02	                  2.086245e-11
3940	                  1.483765e-02	                  2.108977e-11
3950	                  1.489868e-02	                  2.131709e-11
3960	                  1.495972e-02	                  2.154441e-11
3970	                  1.502075e-02	                  2.177172e-11
3980	                  1.508179e-02	                  2.199904e-11
3990	                  1.514282e-02	                  2.222636e-11
4000	                  1.520386e-02	                  2.245368e-11
4010	                  1.526489e-02	                  2.268100e-11
4020	                  1.532593e-02	                  2.290831e-11
4030	                  1.538696e-02	                  2.313563e-11
4040	                  1.544800e-02	                  2.336295e-11
4050	                  1.550903e-02	                  2.359027e-11
4060	                  1.557007e-02	                  2.381759e-11
4070	                  1.563110e-02	                  2.404490e-11
4080	                  1.569214e-02	                  2.427222e-11
4090	                  1.575317e-02	                  2.449954e-11
4100	                  1.581421e-02	                  2.472686e-11
4110	                  1.587524e-02	                  2.495418e-11
4120	                  1.593628e-02	                  2.518150e-11
4130	                  1.599731e-02	                  2.540881e-11
4140	                  1.605835e-02	                  2.563613e-11
4150	                  1.611938e-02	                  2.586345e-11
4160	                  1.618042e-02	                  2.609077e-11
4170	                  1.624146e-02	                  2.631809e-11
4180	                  1.630249e-02	                  2.654540e-11
4190	                  1.636353e-02	                  2.677272e-11
4200	                  1.642456e-02	                  2.700004e-11
4210	                  1.648560e-02	                  2.722736e-11
4220	                  1.654663e-02	                  2.745468e-11
4230	                  1.660767e-02	                  2.768200e-11
4240	                  1.666870e-02	                  2.790931e-11
4250	                  1.672974e-02	                  2.813663e-11
4260	                  1.679077e-02	                  2.836395e-11
4270	                  1.685181e-02	                  2.859127e-11
4280	                  1.691284e-02	                  2.881859e-11
4290	                  1.697388e-02	                  2.904590e-11
4300	                  1.703491e-02	                  2.927322e-11
4310	                  1.709595e-02	                  2.950054e-11
4320	                  1.715698e-02	                  2.972786e-11
4330	                  1.721802e-02	                  2.995518e-11
4340	                  1.727905e-02	                  3.018250e-11
4350	                  1.734009e-02	                  3.040981e-11
4360	                  1.740112e-02	                  3.063713e-11
4370	                  1.746216e-02	                  3.086445e-11
4380	                  1.752319e-02	                  3.109177e-11
4390	                  1.758423e-02	                  3.131909e-11
4400	                  1.764526e-02	                  3.154640e-11
4410	                  1.770630e-02	                  3.177372e-11
4420	                  1.776733e-02	                  3.200104e-11
4430	                  1.782837e-02	                  3.222836e-11
4440	                  1.788940e-02	                  3.245568e-11
4450	                  1.795044e-02	                  3.268300e-11
4460	                  1.801147e-02	                  3.291031e-11
4470	                  1.807251e-02	                  3.313763e-11
4480	                  1.813354e-02	                  3.336495e-11
4490	                  1.819458e-02	                  3.359227e-11
4500	                  1.825562e-02	                  3.381959e-11
4510	                  1.831665e-02	                  3.404690e-11
4520	                  1.837769e-02	                  3.427422e-11
4530	                  1.843872e-02	                  3.450154e-11
4540	                  1.849976e-02	                  3.472886e-11
4550	                  1.856079e-02	                  3.495618e-11
4560	                  1.862183e-02	                  3.518350e-11
4570	                  1.868286e-02	                  3.541081e-11
4580	                  1.874390e-02	                  3.563813e-11
4590	                  1.880493e-02	                  3.586545e-11
4600	                  1.886597e-02	                  3.609277e-11
4610	                  1.892700e-02	                  3.632009e-11
4620	                  1.898804e-02	                  3.654740e-11
4630	                  1.904907e-02	                  3.677472e-11
4640	                  1.911011e-02	                  3.700204e-11
4650	                  1.917114e-02	                  3.722936e-11
4660	                  1.923218e-02	                  3.745668e-11
4670	                  1.929321e-02	                  3.768399e-11
4680	                  1.935425e-02	                  3.791131e-11
4690	                  1.941528e-02	                  3.813863e-11
4700	                  1.947632e-02	                  3.836595e-11
4710	                  1.953735e-02	                  3.859327e-11
4720	                  1.959839e-02	                  3.882059e-11
4730	                  1.965942e-02	                  3.904790e-11
4740	                  1.972046e-02	                  3.927522e-11
4750	                  1.978149e-02	                  3.950254e-11
4760	                  1.984253e-02	                  3.972986e-11
4770	                  1.990356e-02	                  3.995718e-11
4780	                  1.996460e-02	                  4.018449e-11
4790	                  2.002563e-02	                  4.041181e-11
4800	                  2.008667e-02	                  4.063913e-11
4810	                  2.014771e-02	                  4.086645e-11
4820	                  2.020874e-02	                  4.109377e-11
4830	                  2.026978e-02	                  4.132109e-11
4840	                  2.033081e-02	                  4.154840e-11
4850	                  2.039185e-02	                  4.177572e-11
4860	                  2.045288e-02	                  4.200304e-11
4870	                  2.051392e-02	                  4.223036e-11
4880	                  2.057495e-02	                  4.245768e-11
4890	                  2.063599e-02	                  4.268499e-11
4900	                  2.069702e-02	                  4.291231e-11
4910	                  2.075806e-02	                  4.313963e-11
4920	                  2.081909e-02	                  4.336695e-11
4930	                  2.088013e-02	                  4.359427e-11
4940	                  2.094116e-02	                  4.382159e-11
4950	                  2.100220e-02	                  4.404890e-11
4960	                  2.106323e-02	                  4.427622e-11
4970	                  2.112427e-02	                  4.450354e-11
4980	                  2.118530e-02	                  4.473086e-11
4990	                  2.124634e-02	                  4.495818e-11
5000	                  2.130737e-02	                  4.518549e-11
5010	                  2.136841e-02	                  4.541281e-11
5020	                  2.142944e-02	                  4.564013e-11
5030	                  2.149048e-02	                  4.586745e-11
5040	                  2.155151e-02	                  4.609477e-11
5050	                  2.161255e-02	                  4.632209e-11
5060	                  2.167358e-02	                  4.654940e-11
5070	                  2.173462e-02	                  4.677672e-11
5080	                  2.179565e-02	                  4.700404e-11
5090	                  2.185669e-02	                  4.723136e-11
5100	                  2.191772e-02	                  4.745868e-11
5110	                  2.197876e-02	                  4.768599e-11
5120	                  2.200928e-02	                  4.785650e-11
5130	                  2.176514e-02	                  4.808409e-11
5140	                  2.152100e-02	                  4.831169e-11
5150	                  2.127686e-02	                  4.853928e-11
5160	                  2.103271e-02	                  4.876688e-11
5170	                  2.078857e-02	                  4.899448e-11
5180	                  2.054443e-02	                  4.922207e-11
5190	                  2.030029e-02	                  4.944967e-11
5200	                  2.005615e-02	                  4.967726e-11
5210	                  1.981201e-02	                  4.990486e-11
5220	                  1.956787e-02	                  5.013245e-11
5230	                  1.932373e-02	                  5.036005e-11
5240	                  1.907959e-02	                  5.058765e-11
5250	                  1.883545e-02	                  5.081524e-11
5260	                  1.859131e-02	                  5.104284e-11
5270	                  1.834717e-02	                  5.127043e-11
5280	                  1.810303e-02	                  5.149803e-11
5290	                  1.785889e-02	                  5.172562e-11
5300	                  1.761475e-02	                  5.195322e-11
5310	                  1.737061e-02	                  5.218082e-11
5320	                  1.712646e-02	                  5.240841e-11
5330	                  1.688232e-02	                  5.263601e-11
5340	                  1.663818e-02	                  5.286360e-11
5350	                  1.639404e-02	                  5.309120e-11
5360	                  1.614990e-02	                  5.331879e-11
5370	                  1.590576e-02	                  5.354639e-11
5380	                  1.566162e-02	                  5.377399e-11
5390	                  1.541748e-02	                  5.400158e-11
5400	                  1.517334e-02	                  5.422918e-11
5410	                  1.492920e-02	                  5.445677e-11
5420	                  1.468506e-02	                  5.468437e-11
5430	                  1.444092e-02	                  5.491196e-11
5440	                  1.419678e-02	                  5.513956e-11
5450	                  1.395264e-02	                  5.536716e-11
5460	                  1.370850e-02	                  5.559475e-11
5470	                  1.346436e-02	                  5.582235e-11
5480	                  1.322021e-02	                  5.604994e-11
5490	                  1.297607e-02	                  5.627754e-11
5500	                  1.273193e-02	                  5.650513e-11
5510	                  1.248779e-02	                  5.673273e-11
5520	                  1.224365e-02	                  5.696033e-11
5530	                  1.199951e-02	                  5.718792e-11
5540	                  1.175537e-02	                  5.741552e-11
5550	                  1.151123e-02	                  5.764311e-11
5560	                  1.126709e-02	                  5.787071e-11
5570	                  1.102295e-02	                  5.809830e-11
5580	                  1.077881e-02	                  5.832590e-11
5590	                  1.053467e-02	                  5.855350e-11
5600	                  1.029053e-02	                  5.878109e-11
5610	                  1.004639e-02	                  5.900869e-11
5620	                  9.802246e-03	                  5.923628e-11
5630	                  9.558105e-03	                  5.946388e-11
5640	                  9.313965e-03	                  5.969147e-11
5650	                  9.069824e-03	                  5.991907e-11
5660	                  8.825684e-03	                  6.014667e-11
5670	                  8.581543e-03	                  6.037426e-11
5680	                  8.337402e-03	                  6.060186e-11
5690	                  8.093262e-03	                  6.082945e-11
5700	                  7.849121e-03	                  6.105705e-11
5710	                  7.604980e-03	                  6.128464e-11
5720	                  7.360840e-03	                  6.151224e-11
5730	                  7.116699e-03	                  6.173984e-11
5740	                  6.872559e-03	                  6.196743e-11
5750	                  6.628418e-03	                  6.219503e-11
5760	                  6.384277e-03	                  6.242262e-11
5770	                  6.140137e-03	                  6.265022e-11
5780	                  5.895996e-03	                  6.287781e-11
5790	                  5.651855e-03	                  6.310541e-11
5800	                  5.407715e-03	                  6.333301e-11
5810	                  5.163574e-03	                  6.356060e-11
5820	                  4.919434e-03	                  6.378820e-11
5830	                  4.675293e-03	                  6.401579e-11
5840	                  4.431152e-03	                  6.424339e-11
5850	                  4.187012e-03	                  6.447098e-11
5860	                  3.942871e-03	                  6.469858e-11
5870	                  3.698730e-03	                  6.492618e-11
5880	                  3.454590e-03	                  6.515377e-11
5890	                  3.210449e-03	                  6.538137e-11
5900	                  2.966309e-03	                  6.560896e-11
5910	                  2.722168e-03	                  6.583656e-11
5920	                  2.478027e-03	                  6.606415e-11
5930	                  2.233887e-03	                  6.629175e-11
5940	                  1.989746e-03	                  6.651935e-11
5950	                  1.745605e-03	                  6.674694e-11
5960	                  1.501465e-03	                  6.697454e-11
5970	                  1.257324e-03	                  6.720213e-11
5980	                  1.013184e-03	                  6.742973e-11
5990	                  7.690430e-04	                  6.765732e-11
6000	                  5.249023e-04	                  6.788492e-11
6010	                  2.807617e-04	                  6.811252e-11
6020	                  3.662109e-05	                  6.834011e-11
6030	                  2.075195e-04	                  6.856771e-11
6040	                  4.516602e-04	                  6.879530e-11
6050	                  6.958008e-04	                  6.902290e-11
6060	                  9.399414e-04	                  6.925049e-11
6070	                  1.184082e-03	                  6.947809e-11
6080	                  1.428223e-03	                  6.970569e-11
6090	                  1.672363e-03	                  6.993328e-11
6100	                  1.916504e-03	                  7.016088e-11
6110	                  2.160645e-03	                  7.038847e-11
6120	                  2.404785e-03	                  7.061607e-11
6130	                  2.648926e-03	                  7.084366e-11
6140	                  2.893066e-03	                  7.107126e-11
6150	                  3.137207e-03	                  7.129886e-11
6160	                  3.381348e-03	                  7.152645e-11
6170	                  3.625488e-03	                  7.175405e-11
6180	                  3.869629e-03	                  7.198164e-11
6190	                  4.113770e-03	                  7.220924e-11
6200	                  4.357910e-03	                  7.243683e-11
6210	                  4.602051e-03	                  7.266443e-11
6220	                  4.846191e-03	                  7.289203e-11
6230	                  5.090332e-03	                  7.311962e-11
6240	                  5.334473e-03	                  7.334722e-11
6250	                  5.578613e-03	                  7.357481e-11
6260	                  5.822754e-03	                  7.380241e-11
6270	                  6.066895e-03	                  7.403000e-11
6280	                  6.311035e-03	                  7.425760e-11
6290	                  6.555176e-03	                  7.448520e-11
6300	                  6.799316e-03	                  7.471279e-11
6310	                  7.043457e-03	                  7.494039e-11
6320	                  7.287598e-03	                  7.516798e-11
6330	                  7.531738e-03	                  7.539558e-11
6340	                  7.775879e-03	                  7.562317e-11
6350	                  8.020020e-03	                  7.585077e-11
6360	                  8.264160e-03	                  7.607837e-11
6370	                  8.508301e-03	                  7.630596e-11
6380	                  8.752441e-03	                  7.653356e-11
6390	                  8.996582e-03	                  7.676115e-11
6400	                  9.240723e-03	                  7.698875e-11
6410	                  9.484863e-03	                  7.721634e-11
6420	                  9.729004e-03	                  7.744394e-11
6430	                  9.973145e-03	                  7.767154e-11
6440	                  1.021729e-02	                  7.789913e-11
6450	                  1.046143e-02	                  7.812673e-11
6460	                  1.070557e-02	                  7.835432e-11
6470	                  1.094971e-02	                  7.858192e-11
6480	                  1.119385e-02	                  7.880951e-11
6490	                  1.143799e-02	                  7.903711e-11
6500	                  1.168213e-02	                  7.926471e-11
6510	                  1.192627e-02	                  7.949230e-11
6520	                  1.217041e-02	                  7.971990e-11
6530	                  1.241455e-02	                  7.994749e-11
6540	                  1.265869e-02	                  8.017509e-11
6550	                  1.290283e-02	                  8.040268e-11
6560	                  1.314697e-02	                  8.063028e-11
6570	                  1.339111e-02	                  8.085788e-11
6580	                  1.363525e-02	                  8.108547e-11
6590	                  1.387939e-02	                  8.131307e-11
6600	                  1.412354e-02	                  8.154066e-11
6610	                  1.436768e-02	                  8.176826e-11
6620	                  1.461182e-02	                  8.199585e-11
6630	                  1.485596e-02	                  8.222345e-11
6640	                  1.510010e-02	                  8.245105e-11
6650	                  1.534424e-02	                  8.267864e-11
6660	                  1.558838e-02	                  8.290624e-11
6670	                  1.583252e-02	                  8.313383e-11
6680	                  1.607666e-02	                  8.336143e-11
6690	                  1.632080e-02	                  8.358902e-11
6700	                  1.656494e-02	                  8.381662e-11
6710	                  1.680908e-02	                  8.404422e-11
6720	                  1.705322e-02	                  8.427181e-11
6730	                  1.729736e-02	                  8.449941e-11
6740	                  1.754150e-02	                  8.472700e-11
6750	                  1.778564e-02	                  8.495460e-11
6760	                  1.802979e-02	                  8.518219e-11
6770	                  1.827393e-02	                  8.540979e-11
6780	                  1.851807e-02	                  8.563739e-11
6790	                  1.876221e-02	                  8.586498e-11
6800	                  1.900635e-02	                  8.609258e-11
6810	                  1.925049e-02	                  8.632017e-11
6820	                  1.949463e-02	                  8.654777e-11
6830	                  1.973877e-02	                  8.677536e-11
6840	                  1.998291e-02	                  8.700296e-11
6850	                  2.022705e-02	                  8.723056e-11
6860	                  2.047119e-02	                  8.745815e-11
6870	                  2.071533e-02	                  8.768575e-11
6880	                  2.095947e-02	                  8.791334e-11
6890	                  2.120361e-02	                  8.814094e-11
6900	                  2.144775e-02	                  8.836853e-11
6910	                  2.169189e-02	                  8.859613e-11
6920	                  2.193604e-02	                  8.882373e-11
6930	                  2.218018e-02	                  8.905132e-11
6940	                  2.242432e-02	                  8.927892e-11
6950	                  2.266846e-02	                  8.950651e-11
6960	                  2.291260e-02	                  8.973411e-11
6970	                  2.315674e-02	                  8.996170e-11
6980	                  2.340088e-02	                  9.018930e-11
6990	                  2.364502e-02	                  9.041690e-11
7000	                  2.388916e-02	                  9.064449e-11
7010	                  2.413330e-02	                  9.087209e-11
7020	                  2.437744e-02	                  9.109968e-11
7030	                  2.462158e-02	                  9.132728e-11
7040	                  2.486572e-02	                  9.155487e-11
7050	                  2.510986e-02	                  9.178247e-11
7060	                  2.535400e-02	                  9.201007e-11
7070	                  2.559814e-02	                  9.223766e-11
7080	                  2.584229e-02	                  9.246526e-11
7090	                  2.608643e-02	                  9.269285e-11
7100	                  2.633057e-02	                  9.292045e-11
7110	                  2.657471e-02	                  9.314804e-11
7120	                  2.681885e-02	                  9.337564e-11
7130	                  2.706299e-02	                  9.360324e-11
7140	                  2.730713e-02	                  9.383083e-11
7150	                  2.755127e-02	                  9.405843e-11
7160	                  2.779541e-02	                  9.428602e-11
7170	                  2.803955e-02	                  9.451362e-11
7180	                  2.828369e-02	                  9.474121e-11
7190	                  2.852783e-02	                  9.496881e-11
7200	                  2.877197e-02	                  9.519641e-11
7210	                  2.901611e-02	                  9.542400e-11
7220	                  2.926025e-02	                  9.565160e-11
7230	                  2.950439e-02	                  9.587919e-11
7240	                  2.974854e-02	                  9.610679e-11
7250	                  2.999268e-02	                  9.633438e-11
7260	                  3.023682e-02	                  9.656198e-11
7270	                  3.048096e-02	                  9.678958e-11
7280	                  3.072510e-02	                  9.701717e-11
7290	                  3.096924e-02	                  9.724477e-11
7300	                  3.121338e-02	                  9.747236e-11
7310	                  3.145752e-02	                  9.769996e-11
7320	                  3.170166e-02	                  9.792755e-11
7330	                  3.194580e-02	                  9.815515e-11
7340	                  3.218994e-02	                  9.838275e-11
7350	                  3.243408e-02	                  9.861034e-11
7360	                  3.267822e-02	                  9.883794e-11
7370	                  3.292236e-02	                  9.906553e-11
7380	                  3.316650e-02	                  9.929313e-11
7390	                  3.341064e-02	                  9.952072e-11
7400	                  3.365479e-02	                  9.974832e-11
7410	                  3.389893e-02	                  9.997592e-11
7420	                  3.414307e-02	                  1.002035e-10
7430	                  3.438721e-02	                  1.004311e-10
7440	                  3.463135e-02	                  1.006587e-10
7450	                  3.487549e-02	                  1.008863e-10
7460	                  3.511963e-02	                  1.011139e-10
7470	                  3.536377e-02	                  1.013415e-10
7480	                  3.560791e-02	                  1.015691e-10
7490	                  3.585205e-02	                  1.017967e-10
7500	                  3.609619e-02	                  1.020243e-10
7510	                  3.634033e-02	                  1.022519e-10
7520	                  3.658447e-02	                  1.024795e-10
7530	                  3.682861e-02	                  1.027071e-10
7540	                  3.707275e-02	                  1.029347e-10
7550	                  3.731689e-02	                  1.031623e-10
7560	                  3.756104e-02	                  1.033899e-10
7570	                  3.780518e-02	                  1.036174e-10
7580	                  3.804932e-02	                  1.038450e-10
7590	                  3.829346e-02	                  1.040726e-10
7600	                  3.853760e-02	                  1.043002e-10
7610	                  3.878174e-02	                  1.045278e-10
7620	                  3.902588e-02	                  1.047554e-10
7630	                  3.927002e-02	                  1.049830e-10
7640	                  3.951416e-02	                  1.052106e-10
7650	                  3.975830e-02	                  1.054382e-10
7660	                  4.000244e-02	                  1.056658e-10
7670	                  4.024658e-02	                  1.058934e-10
7680	                  4.049072e-02	                  1.061210e-10
7690	                  4.073486e-02	                  1.063486e-10
7700	                  4.097900e-02	                  1.065762e-10
7710	                  4.122314e-02	                  1.068038e-10
7720	                  4.146729e-02	                  1.070314e-10
7730	                  4.171143e-02	                  1.072590e-10
7740	                  4.195557e-02	                  1.074866e-10
7750	                  4.219971e-02	                  1.077142e-10
7760	                  4.244385e-02	                  1.079418e-10
7770	                  4.268799e-02	                  1.081694e-10
7780	                  4.293213e-02	                  1.083970e-10
7790	                  4.317627e-02	                  1.086246e-10
7800	                  4.342041e-02	                  1.088521e-10
7810	                  4.366455e-02	                  1.090797e-10
7820	                  4.390869e-02	                  1.093073e-10
7830	                  4.415283e-02	                  1.095349e-10
7840	                  4.439697e-02	                  1.097625e-10
7850	                  4.464111e-02	                  1.099901e-10
7860	                  4.488525e-02	                  1.102177e-10
7870	                  4.512939e-02	                  1.104453e-10
7880	                  4.537354e-02	                  1.106729e-10
7890	                  4.561768e-02	                  1.109005e-10
7900	                  4.586182e-02	                  1.111281e-10
7910	                  4.610596e-02	                  1.113557e-10
7920	                  4.635010e-02	                  1.115833e-10
7930	                  4.659424e-02	                  1.118109e-10
7940	                  4.683838e-02	                  1.120385e-10
7950	                  4.708252e-02	                  1.122661e-10
7960	                  4.732666e-02	                  1.124937e-10
7970	                  4.757080e-02	                  1.127213e-10
7980	                  4.781494e-02	                  1.129489e-10
7990	                  4.805908e-02	                  1.131765e-10
8000	                  4.830322e-02	                  1.134041e-10
8010	                  4.854736e-02	                  1.136317e-10
8020	                  4.879150e-02	                  1.138593e-10
8030	                  4.903564e-02	                  1.140869e-10
8040	                  4.927979e-02	                  1.143144e-10
8050	                  4.952393e-02	                  1.145420e-10
8060	                  4.976807e-02	                  1.147696e-10
8070	                  5.001221e-02	                  1.149972e-10
8080	                  5.025635e-02	                  1.152248e-10
8090	                  5.050049e-02	                  1.154524e-10
8100	                  5.074463e-02	                  1.156800e-10
8110	                  5.098877e-02	                  1.159076e-10
8120	                  5.123291e-02	                  1.161352e-10
8130	                  5.147705e-02	                  1.163628e-10
8140	                  5.172119e-02	                  1.165904e-10
8150	                  5.196533e-02	                  1.168180e-10
8160	                  5.220947e-02	                  1.170456e-10
8170	                  5.245361e-02	                  1.172732e-10
8180	                  5.269775e-02	                  1.175008e-10
8190	                  5.294189e-02	                  1.177284e-10
8200	                  5.318604e-02	                  1.179560e-10
8210	                  5.343018e-02	                  1.181836e-10
8220	                  5.367432e-02	                  1.184112e-10
8230	                  5.391846e-02	                  1.186388e-10
8240	                  5.416260e-02	                  1.188664e-10
8250	                  5.440674e-02	                  1.190940e-10
8260	                  5.465088e-02	                  1.193216e-10
8270	                  5.489502e-02	                  1.195491e-10
8280	                  5.513916e-02	                  1.197767e-10
8290	                  5.538330e-02	                  1.200043e-10
8300	                  5.562744e-02	                  1.202319e-10
8310	                  5.587158e-02	                  1.204595e-10
8320	                  5.611572e-02	                  1.206871e-10
8330	                  5.635986e-02	                  1.209147e-10
8340	                  5.660400e-02	                  1.211423e-10
8350	                  5.684814e-02	                  1.213699e-10
8360	                  5.709229e-02	                  1.215975e-10
8370	                  5.733643e-02	                  1.218251e-10
8380	                  5.758057e-02	                  1.220527e-10
8390	                  5.782471e-02	                  1.222803e-10
8400	                  5.806885e-02	                  1.225079e-10
8410	                  5.831299e-02	                  1.227355e-10
8420	                  5.855713e-02	                  1.229631e-10
8430	                  5.880127e-02	                  1.231907e-10
8440	                  5.904541e-02	                  1.234183e-10
8450	                  5.928955e-02	                  1.236459e-10
8460	                  5.953369e-02	                  1.238735e-10
8470	                  5.977783e-02	                  1.241011e-10
8480	                  6.002197e-02	                  1.243287e-10
8490	                  6.026611e-02	                  1.245563e-10
8500	                  6.051025e-02	                  1.247838e-10
8510	                  6.075439e-02	                  1.250114e-10
8520	                  6.099854e-02	                  1.252390e-10
8530	                  6.124268e-02	                  1.254666e-10
8540	                  6.148682e-02	                  1.256942e-10
8550	                  6.173096e-02	                  1.259218e-10
8560	                  6.197510e-02	                  1.261494e-10
8570	                  6.221924e-02	                  1.263770e-10
8580	                  6.246338e-02	                  1.266046e-10
8590	                  6.270752e-02	                  1.268322e-10
8600	                  6.295166e-02	                  1.270598e-10
8610	                  6.319580e-02	                  1.272874e-10
8620	                  6.343994e-02	                  1.275150e-10
8630	                  6.368408e-02	                  1.277426e-10
8640	                  6.392822e-02	                  1.279702e-10
8650	                  6.417236e-02	                  1.281978e-10
8660	                  6.441650e-02	                  1.284254e-10
8670	                  6.466064e-02	                  1.286530e-10
8680	                  6.490479e-02	                  1.288806e-10
8690	                  6.514893e-02	                  1.291082e-10
8700	                  6.539307e-02	                  1.293358e-10
8710	                  6.563721e-02	                  1.295634e-10
8720	                  6.588135e-02	                  1.297910e-10
8730	                  6.612549e-02	                  1.300186e-10
8740	                  6.636963e-02	                  1.302461e-10
8750	                  6.661377e-02	                  1.304737e-10
8760	                  6.685791e-02	                  1.307013e-10
8770	                  6.710205e-02	                  1.309289e-10
8780	                  6.734619e-02	                  1.311565e-10
8790	                  6.759033e-02	                  1.313841e-10
8800	                  6.783447e-02	                  1.316117e-10
8810	                  6.807861e-02	                  1.318393e-10
8820	                  6.832275e-02	                  1.320669e-10
8830	                  6.856689e-02	                  1.322945e-10
8840	                  6.881104e-02	                  1.325221e-10
8850	                  6.905518e-02	                  1.327497e-10
8860	                  6.929932e-02	                  1.329773e-10
8870	                  6.954346e-02	                  1.332049e-10
8880	                  6.978760e-02	                  1.334325e-10
8890	                  7.003174e-02	                  1.336601e-10
8900	                  7.027588e-02	                  1.338877e-10
8910	                  7.052002e-02	                  1.341153e-10
8920	                  7.076416e-02	                  1.343429e-10
8930	                  7.100830e-02	                  1.345705e-10
8940	                  7.125244e-02	                  1.347981e-10
8950	                  7.149658e-02	                  1.350257e-10
8960	                  7.174072e-02	                  1.352533e-10
8970	                  7.198486e-02	                  1.354808e-10
8980	                  7.222900e-02	                  1.357084e-10
8990	                  7.247314e-02	                  1.359360e-10
9000	                  7.271729e-02	                  1.361636e-10
9010	                  7.296143e-02	                  1.363912e-10
9020	                  7.320557e-02	                  1.366188e-10
9030	                  7.344971e-02	                  1.368464e-10
9040	                  7.369385e-02	                  1.370740e-10
9050	                  7.393799e-02	                  1.373016e-10
9060	                  7.418213e-02	                  1.375292e-10
9070	                  7.442627e-02	                  1.377568e-10
9080	                  7.467041e-02	                  1.379844e-10
9090	                  7.491455e-02	                  1.382120e-10
9100	                  7.515869e-02	                  1.384396e-10
9110	                  7.540283e-02	                  1.386672e-10
9120	                  7.564697e-02	                  1.388948e-10
9130	                  7.589111e-02	                  1.391224e-10
9140	                  7.613525e-02	                  1.393500e-10
9150	                  7.637939e-02	                  1.395776e-10
9160	                  7.662354e-02	                  1.398052e-10
9170	                  7.686768e-02	                  1.400328e-10
9180	                  7.711182e-02	                  1.402604e-10
9190	                  7.735596e-02	                  1.404880e-10
9200	                  7.760010e-02	                  1.407156e-10
9210	                  7.784424e-02	                  1.409431e-10
9220	                  7.808838e-02	                  1.411707e-10
9230	                  7.833252e-02	                  1.413983e-10
9240	                  7.857666e-02	                  1.416259e-10
9250	                  7.882080e-02	                  1.418535e-10
9260	                  7.906494e-02	                  1.420811e-10
9270	                  7.930908e-02	                  1.423087e-10
9280	                  7.955322e-02	                  1.425363e-10
9290	                  7.979736e-02	                  1.427639e-10
9300	                  8.004150e-02	                  1.429915e-10
9310	                  8.028564e-02	                  1.432191e-10
9320	                  8.052979e-02	                  1.434467e-10
9330	                  8.077393e-02	                  1.436743e-10
9340	                  8.101807e-02	                  1.439019e-10
9350	                  8.126221e-02	                  1.441295e-10
9360	                  8.150635e-02	                  1.443571e-10
9370	                  8.175049e-02	                  1.445847e-10
9380	                  8.199463e-02	                  1.448123e-10
9390	                  8.223877e-02	                  1.450399e-10
9400	                  8.248291e-02	                  1.452675e-10
9410	                  8.272705e-02	                  1.454951e-10
9420	                  8.297119e-02	                  1.457227e-10
9430	                  8.321533e-02	                  1.459503e-10
9440	                  8.345947e-02	                  1.461778e-10
9450	                  8.370361e-02	                  1.464054e-10
9460	                  8.394775e-02	                  1.466330e-10
9470	                  8.419189e-02	                  1.468606e-10
9480	                  8.443604e-02	                  1.470882e-10
9490	                  8.468018e-02	                  1.473158e-10
9500	                  8.492432e-02	                  1.475434e-10
9510	                  8.516846e-02	                  1.477710e-10
9520	                  8.541260e-02	                  1.479986e-10
9530	                  8.565674e-02	                  1.482262e-10
9540	                  8.590088e-02	                  1.484538e-10
9550	                  8.614502e-02	                  1.486814e-10
9560	                  8.638916e-02	                  1.489090e-10
9570	                  8.663330e-02	                  1.491366e-10
9580	                  8.687744e-02	                  1.493642e-10
9590	                  8.712158e-02	                  1.495918e-10
9600	                  8.736572e-02	                  1.498194e-10
9610	                  8.760986e-02	                  1.500470e-10
9620	                  8.785400e-02	                  1.502746e-10
9630	                  8.809814e-02	                  1.505022e-10
9640	                  8.834229e-02	                  1.507298e-10
9650	                  8.858643e-02	                  1.509574e-10
9660	                  8.883057e-02	                  1.511850e-10
9670	                  8.907471e-02	                  1.514125e-10
9680	                  8.931885e-02	                  1.516401e-10
9690	                  8.956299e-02	                  1.518677e-10
9700	                  8.980713e-02	                  1.520953e-10
9710	                  9.005127e-02	                  1.523229e-10
9720	                  9.029541e-02	                  1.525505e-10
9730	                  9.053955e-02	                  1.527781e-10
9740	                  9.078369e-02	                  1.530057e-10
9750	                  9.102783e-02	                  1.532333e-10
9760	                  9.127197e-02	                  1.534609e-10
9770	                  9.151611e-02	                  1.536885e-10
9780	                  9.176025e-02	                  1.539161e-10
9790	                  9.200439e-02	                  1.541437e-10
9800	                  9.224854e-02	                  1.543713e-10
9810	                  9.249268e-02	                  1.545989e-10
9820	                  9.273682e-02	                  1.548265e-10
9830	                  9.298096e-02	                  1.550541e-10
9840	                  9.322510e-02	                  1.552817e-10
9850	                  9.346924e-02	                  1.555093e-10
9860	                  9.371338e-02	                  1.557369e-10
9870	                  9.395752e-02	                  1.559645e-10
9880	                  9.420166e-02	                  1.561921e-10
9890	                  9.444580e-02	                  1.564197e-10
9900	                  9.468994e-02	                  1.566473e-10
9910	                  9.493408e-02	                  1.568748e-10
9920	                  9.517822e-02	                  1.571024e-10
9930	                  9.542236e-02	                  1.573300e-10
9940	                  9.566650e-02	                  1.575576e-10
9950	                  9.591064e-02	                  1.577852e-10
9960	                  9.615479e-02	                  1.580128e-10
9970	                  9.639893e-02	                  1.582404e-10
9980	                  9.664307e-02	                  1.584680e-10
9990	                  9.688721e-02	                  1.586956e-10
10000	                  9.713135e-02	                  1.589232e-10
